First Name,Last Name,Gender,Team,Status,Car,Nationality,DOB,Traits,Fame,Scouting Level,Weight,Wages,Contract End,Contract Start,Qualifying Bonus Amount,Qualifying Bonus Position,Race Bonus Amount,Race Bonus Position,Champion Bonus,Pay Driver,Braking,Cornering,Smoothness,Overtaking,Consistency,Adaptability,Fitness,Feedback,Focus,Optimal Zone,Driving Style,Driver Number,Races,Wins,Podiums,Poles,DNFs,DNFs via error,DNS,Career Points,Championships,Form,Experience,Morale,Obedience,Potential,Patience,Chairman Popularity,Fans Popularity,Sponsor Popularity,Skin Colour,Hair,Hair Colour,Glasses,Accessory,Facial Hair,Body Type,Hat,Helmet Style,Helmet Primary Colour,Helmet Secondary Colour,Helmet Tertiary Colour,Marketability,Brake Supplier Preference,Improvement Rate,Peak Duration,Peak Age,Desired Championships,Desired Wins,Desired Earnings,Desired Budget,Stars,Series Preference,Reward ID
Lewis,Hamilton,M,2,Equal,,UK,07/01/1979,7; 16; 44; 49; 53; 66; 77; 141; 149,0,0,67,29.44,2017,2013,0.25,1,1.5,1,0,0,19.75,19.5,19.75,19.25,19.5,19,19.8,19.5,19.8,0.88,94,44,250,84,130,88,20,12,0,3431,6,9;9;9;9;9,95,100,75,5,3,95,80,95,5,2,8,1,0,0,0,2,0,9,10,10,100,5,5,5,38,7,2,300,300,4.884722222,SingleSeaterSeries,
George,Russell,M,2,Equal,,UK,28/08/1992,5; 16; 53; 65; 66,0,0,66,11.88,2019,2016,0.25,1,1,1,0,0,16.75,16.7,16.7,16.5,17.25,15,18.75,13.5,17.5,0.6,59,63,21,0,0,0,3,1,0,0,0,n/a,40,90,90,98,4,95,80,80,1,3,2,0,0,0,0,5,0,4,5,9,83,5,10,2,37,3,50,200,300,4.129166667,SingleSeaterSeries,
Max,Verstappen,M,3,Equal,,Netherlands,30/07/1991,6; 40; 47; 49; 51; 65; 66; 77; 80; 137; 211; 275,0,0,66,22.64,2019,2016,0.25,1,1.5,1,0,0,19.75,19.75,19.75,19.75,19.75,19.95,19.95,18.5,19.95,0.4,71,33,102,8,30,2,20,10,0,948,0,8;8;8;8;8,55,90,65,50,4,100,95,95,0,2,6,3,0,5,0,8,0,0,3,2,100,5,10,3,30,3,3,300,300,4.919444444,SingleSeaterSeries,
Sergio,Perez,M,3,Equal,,Mexico,26/01/1984,1; 16; 44; 53; 295,0,0,68,9.16,2017,2015,0.1,3,1,1,0,0,16,16,19,15,17.5,13.5,15,19,16,0.57,68,55,21,0,0,0,0,0,0,92,0,6;7,95,95,90,2,4,85,75,70,4,2,6,0,0,1,0,15,0,10,2,8,90,5,3,5,31,1,2,100,100,4.083333333,SingleSeaterSeries,
Alexander,Albon,M,4,Equal,,Thailand,01/09/1990,16; 42; 96,0,0,65,12.73,2017,2016,0,,0,,0,0,14,14,14,13,14,13,18,13,14,0.57,68,55,21,0,0,0,0,0,0,92,0,6;7,40,95,90,20,4,85,75,70,4,2,6,0,0,1,0,15,0,10,2,8,65,5,5,2,27,1,2,100,100,3.527777778,SingleSeaterSeries; EnduranceSeries,
Nicholas,Latifi,M,,,,Canada,29/06/1990,16; 165,0,0,66,,,,,,,,,3,12.75,12.75,12.5,12.25,12,11.75,15,12.5,12.95,0.8,100,12,0,0,0,0,0,0,0,0,0,n/a,15,90,80,15,3,90,70,80,2,3,3,0,0,0,0,8,0,3,5,0,60,5,10,3,30,1,1,0,100,3.179166667,Any,
Charles,Leclerc,M,5,Equal,,Monaco,17/10/1991,5; 6; 22; 51; 65; 66,0,0,65,15.01,2020,2013,0.1,1,1,1,0,0,18.5,18.5,17.5,17.5,17.5,16.5,19.5,14,19.5,0.62,92,7,42,2,10,7,6,3,0,303,0,8;6;9;5;9,35,90,70,50,3,85,90,85,0,1,1,1,0,0,0,12,0,6,6,910,98,5,10,1,30,3,4,200,200,4.416666667,SingleSeaterSeries,
Carlos,Sainz,M,5,Equal,,Spain,01/09/1988,5; 16; 40; 44; 53; 198,0,0,67,13.38,2020,2015,0.1,1,1,1,0,0,17.5,17.5,17,16,18,15.5,18.5,15.5,17.5,0.83,14,14,102,0,1,0,12,3,0,267,0,6;8;7;9;6,75,95,90,10,4,80,78,80,1,2,8,3,0,5,0,2,0,7,0,3,86,5,5,4,32,1,2,100,100,4.25,SingleSeaterSeries,
Lando,Norris,M,6,Equal,,UK,19/01/1992,7; 16; 51; 65; 66; 137,0,0,65,16.76,2020,2013,0.1,3,0.5,1,0,0,16.75,16.5,16.5,17,17.5,15.5,18.75,14.5,17.5,0.42,39,22,21,0,0,0,4,0,0,49,0,4;6;8;7;8,45,95,85,35,4,85,85,82,0,4,6,1,0,5,0,2,0,3,5,4,93,5,10,2,33,1,2,100,100,4.180555556,SingleSeaterSeries,
Daniel,Ricciardo,M,3,Reserve,,Australia,10/03/1983,22; 44; 45,0,0,67,3.45,2017,2016,0,,0,,0,0,16,16,16,17,16,16.5,17,18.5,17,0.7,66,13,171,7,29,3,15,4,0,1040,0,3;5;7;5;6,90,90,80,5,3,90,95,92,4,2,8,0,0,5,0,5,0,7,0,2,95,5,5,1,30,1,3,100,100,4.166666667,SingleSeaterSeries,
Sebastian,Vettel,M,,,,Germany,03/07/1981,7; 42; 198,0,0,68,,,,,,,,,0,15,15,15,14.5,16.5,15,15,19.75,14.5,0.43,15,5,241,53,120,57,25,15,0,2985,4,9;6;7;4;10,98,85,75,5,4,90,90,95,0,3,6,0,0,11,0,8,0,2,5,9,100,5,5,1,30,5,3,300,300,3.895833333,SingleSeaterSeries,
Lance,Stroll,M,7,Equal,,Canada,19/08/1992,16; 42; 165; 309,0,0,66,9.05,2020,2013,0.1,1,0.25,3,0,3,14,14,13.5,13.5,13.5,15.5,18.5,13.5,14.75,0.76,56,27,62,0,1,1,15,10,0,67,0,6;9;7;6;8,45,95,75,10,5,100,50,65,0,4,4,0,0,10,0,2,0,3,0,2,75,5,8,3,33,1,2,0,100,3.631944444,SingleSeaterSeries,
Pierre,Gasly,M,9,Equal,,France,07/02/1990,16; 42; 65,0,0,66,10.79,2018,2016,0.1,5,0.25,3,0,0,15.5,15.5,15,15,16,14.5,18.5,14.5,15.5,0.45,56,10,47,0,1,0,10,5,0,124,0,5;5;5;5;5,55,90,75,15,4,80,70,70,1,4,3,0,0,7,0,2,0,7,4,5,80,5,5,5,31,0,0,100,100,3.888888889,SingleSeaterSeries,
Yuki,Tsunoda,M,8,Equal,,Japan,03/11/1995,16; 65; 165,0,0,64,8.81,2017,2015,0.05,10,0.15,5,0,1,12.5,12.5,12.5,13,12.75,12.5,16.5,11,13,0.56,100,33,95,0,3,0,15,10,0,170,0,9;5,25,95,85,30,4,75,70,70,1,3,2,0,0,0,0,14,0,9,1,2,80,5,15,2,34,1,2,0,100,3.229166667,SingleSeaterSeries; EnduranceSeries,
Fernando,Alonso,M,7,Equal,,Spain,29/07/1975,44; 149,0,0,68,21.4,2017,2016,0.5,1,1.5,1,0,0,18,18,19.5,16.5,18.5,17.5,16.5,19.5,18.5,0.7,66,13,171,7,29,3,15,4,0,1040,2,3;5;7;5;6,99,95,65,5,3,90,95,92,4,2,8,0,0,5,0,5,0,7,0,2,100,5,5,3,40,1,3,200,200,4.513888889,SingleSeaterSeries,
Esteban,Ocon,M,9,Equal,,France,15/01/1990,16; 42,0,0,66,6.33,2017,2014,0,,0,,0,0,15.25,15.25,15,14.5,15.75,14.5,18,14.5,15,0.4,59,45,50,0,0,0,10,4,0,136,0,n/a,65,95,75,10,4,85,82,83,0,1,2,0,0,0,0,16,0,5,7,4,78,5,5,1,30,1,5,100,100,3.826388889,SingleSeaterSeries,
Valtteri,Bottas,M,10,Equal,,Finland,27/06/1983,16; 42; 216,0,0,68,10.52,2018,2016,0.1,10,0.35,10,0,0,15.5,15.5,15.5,16,13.5,14.5,17.5,17.5,16,0.79,35,77,139,7,45,11,8,2,0,1239,0,8;8;8;8;8,80,90,95,5,3,85,75,80,1,2,6,0,0,5,0,14,0,9,10,10,75,5,5,3,35,1,2,0,100,3.930555556,SingleSeaterSeries; EnduranceSeries,
Guanyu,Zhou,M,10,Equal,,China,30/05/1993,5; 165; 216,0,0,65,7.02,2017,2016,0.1,10,0.15,10,0,2,11.85,11.85,11.85,12.75,11.5,11.5,15,10.75,12.5,0.42,85,13,,,,,,,,,,,35,85,75,35,3,60,17,56,2,5,1,0,0,0,0,4,0,3,9,5,85,5,10,3,31,1,1,0,100,3.043055556,SingleSeaterSeries,
Mick,Schumacher,M,2,Reserve,,Germany,19/10/1993,5; 6; 40; 65; 100; 216,0,0,65,3.24,2018,2016,0,,0,,0,0,13.5,13.5,13.5,13.5,13.8,12,15,10.75,13.5,0.92,25,11,,,,,,,,,,,28,90,90,55,4,95,88,90,0,5,7,0,0,0,0,8,0,9,7,3,90,5,8,1,41,1,1,0,100,3.306944444,SingleSeaterSeries; EnduranceSeries,
Nikita,Mazepin,M,,,,RussianFederation,02/03/1993,52; 43; 165; 286; 291,0,0,65,,,,,,,,,4,11.5,11.5,10.5,12.5,11.5,11.5,13.5,10.5,12.5,0.48,89,65,,,,,,,,,,,25,75,40,25,3,20,15,36,5,4,7,0,0,0,0,11,0,2,1,6,70,5,5,1,33,1,4,0,100,2.930555556,SingleSeaterSeries; EnduranceSeries,
Nyck,de Vries,M,8,Equal,,Netherlands,06/02/1989,92,0,0,65,6.9,2018,2016,0,,0,,0,0,14.5,14.5,14,13.5,14,12.5,15,13,13.5,0.91,16,,,,,,,,,,,,65,90,90,20,4,,,,4,5,7,0,0,6,0,6,0,0,6,2,70,5,5,5,29,1,1,100,100,3.458333333,SingleSeaterSeries; EnduranceSeries,
Liam,Lawson,M,8,Reserve,,NewZealand,11/02/1996,16; 42; 96,0,0,65,3.74,2016,2014,0,,0,,0,0,13,12.75,12,13,12.5,12,12.5,11,12.75,0.9,3,48,,,,,,,,,,,30,95,75,50,4,64,41,49,5,4,8,1,0,10,0,3,0,5,15,2,70,5,5,1,36,1,1,100,100,3.097222222,SingleSeaterSeries,
Jack,Aitken,M,4,Reserve,,UK,01/06/1989,16,0,0,67,2.79,2017,2013,0,,0,,0,0,12,12,12,10.5,12.5,11,13,12,11.5,0.6,36,14,,,,,,,,,,,55,85,80,3,4,19,36,5,3,4,9,1,0,0,0,6,0,7,4,5,50,5,7,2,31,1,3,0,100,2.958333333,SingleSeaterSeries; EnduranceSeries,
Antonio,Giovinazzi,M,5,Reserve,,Italy,21/08/1987,16; 42; 91,0,0,68,4.4,2017,2016,0.05,10,0.25,3,0,0,13.5,13.5,13.5,13,14,13.5,17.5,13,13,0.46,42,99,23,0,0,0,0,0,0,14,0,n/a,45,90,80,10,4,85,70,72,2,0,4,0,0,0,0,5,0,1,3,8,70,5,5,1,32,1,1,0,100,3.458333333,SingleSeaterSeries; EnduranceSeries,
Stoffel,Vandoorne,M,7,Reserve,,Belgium,26/03/1986,42; 91,0,0,68,3.96,2017,2016,0,,0,,0,0,14,14,13.5,12.5,14,11.5,14.5,14.5,13.25,0.91,16,,,,,,,,,,,,65,90,90,5,3,,,,4,5,7,0,0,6,0,6,0,0,6,2,60,5,5,4,30,1,1,100,100,3.381944444,EnduranceSeries; SingleSeaterSeries,
Nico,Hulkenberg,M,11,Equal,,Germany,30/01/1981,44,0,0,68,3.98,2017,2014,0,,0,,0,0,14.5,14.5,15,13.5,15,13,15,18,15,0.51,46,4,0,0,0,0,0,0,0,0,0,n/a,90,75,85,5,4,67,80,98,2,0,4,1,0,0,0,9,0,4,1,1,65,5,5,2,32,2,1,0,100,3.708333333,EnduranceSeries; SingleSeaterSeries,
Sergio,Sette Camara,M,53,Equal,1,Brazil,23/05/1992,16; 91,0,0,65,2.9,2019,2016,0,,0,,0,0,10,10,9.5,9,10.5,9,11.5,9.5,11,0.93,94,16,0,0,0,0,0,0,0,0,0,n/a,10,80,80,12,3,80,75,75,4,1,9,0,0,0,0,11,0,0,6,6,50,5,5,2,31,1,5,0,100,2.5,EnduranceSeries; SingleSeaterSeries,
Oscar,Piastri,M,6,Equal,,Australia,06/04/1995,5; 16; 65; 109; 216; 276,0,0,64,6.28,2017,2016,0,,0,,0,0,13,13,13,13.75,14.5,12.5,15,11,13.95,0.7,37,14,,,,,,,,,,,25,95,75,65,4,61,17,56,0,2,9,0,0,0,0,16,0,6,10,6,80,5,5,1,34,1,2,0,100,3.325,SingleSeaterSeries,
Robert,Kubica,M,,,,Poland,25/04/1978,7; 16; 42; 67; 235,0,0,68,,,,,,,,,0,11.5,11.5,12.25,10.75,12.5,10.5,11.5,16,11.75,0.41,3,19,97,1,15,1,10,2,0,274,0,9;5;7;4;7,95,75,95,5,5,80,99,85,3,4,7,0,0,1,0,16,0,3,6,0,100,5,8,3,30,1,4,0,100,3.006944444,EnduranceSeries; SingleSeaterSeries,
Pietro,Fittipaldi,M,11,Reserve,,Brazil,11/08/1990,16; 40; 42,0,0,66,1.57,2017,2012,0,,0,,0,0,11.5,12,11.5,12.5,12,11,13.5,9,12.5,0.4,72,70,0,0,0,0,0,0,0,0,0,n/a,35,75,75,25,4,85,72,74,1,4,0,4,0,9,0,6,0,0,7,0,70,5,5,2,33,1,5,0,100,2.930555556,Any,
Dennis,Hauger,M,21,Equal,,Norway,17/03/1997,5; 16; 65; 96; 277,0,0,64,2.25,2018,2016,0,,0,,0,0,9.75,9.75,9.5,10.25,10,8.25,10.25,8,10.5,0.88,21,56,,,,,,,,,,,15,85,70,75,4,56,7,98,3,0,6,0,0,2,0,3,0,8,2,0,68,5,10,4,31,1,1,0,100,2.395833333,SingleSeaterSeries,
Jehan,Daruvala,M,21,Equal,,India,01/10/1992,16; 42; 96,0,0,65,1.74,2017,2016,0,,0,,0,0,8.95,8.95,8.5,9.5,9,7.85,10.25,7,9.5,0.59,11,21,,,,,,,,,,,25,85,75,35,3,4,49,45,0,2,3,0,0,1,0,10,0,0,9,4,60,5,5,4,31,1,6,0,100,2.208333333,SingleSeaterSeries; EnduranceSeries,
Theo,Pourchaire,M,13,Equal,,France,20/08/1997,5; 16; 65; 93,0,0,64,2.36,2017,2016,0,,0,,0,0,12.5,12.5,12.5,11.5,12.5,10.5,13.5,14.5,12.5,0.6,66,50,,,,,,,,,,,15,95,75,95,4,17,7,98,2,1,7,0,0,0,0,4,0,5,2,3,85,5,20,2,29,1,1,0,100,3.125,SingleSeaterSeries; EnduranceSeries,
Frederik,Vesti,M,12,Equal,,Denmark,13/01/1996,16; 42; 103,0,0,64,2.81,2018,2016,0,,0,,0,4,12,12,12,12.85,12.25,12,13.5,10.5,12.75,0.6,3,74,,,,,,,,,,,18,95,70,70,4,83,40,14,1,5,8,0,0,3,0,13,0,7,6,10,60,5,15,1,32,1,1,0,100,3.051388889,SingleSeaterSeries; EnduranceSeries,
Ayumu,Iwasa,M,14,Equal,,Japan,22/09/1995,5; 65; 95; 216,0,0,63,3.55,2018,2016,0,,0,,0,0,10,4.01,2.31,17.4,14.27,9.13,12.91,19.18,9.3,0.75,19,56,,,,,,,,,,,10,90,70,70,4,82,98,87,1,1,1,1,0,2,0,0,0,3,5,5,50,5,10,6,30,1,1,0,100,2.736388889,SingleSeaterSeries,
Roy,Nissany,M,15,Equal,,Israel,30/11/1988,165,0,0,68,2.53,2017,2016,0,,0,,0,3,7.75,7.8,8,8.5,8,6.5,8.5,6.5,8.25,0.42,36,14,,,,,,,,,,,30,75,75,2,3,88,70,70,3,4,9,1,0,0,0,6,0,7,4,5,70,5,5,6,31,1,3,0,100,1.938888889,SingleSeaterSeries; EnduranceSeries,
Enzo,Fittipaldi,M,17,Equal,,Brazil,19/01/1998,16; 40; 101,0,0,65,0.99,2017,2016,0,,0,,0,0,10,10,9.5,10.5,9.75,9,11,9,10.25,0.42,91,48,,,,,,,,,,,20,75,80,50,4,26,71,93,5,3,8,0,0,4,0,3,0,1,7,2,70,4,5,1,35,2,3,0,100,2.472222222,Any,
Cem,Bolukbasi,M,15,Reserve,,Turkey,09/02/1992,65; 165,0,0,65,0.28,2018,2016,0,,0,,0,2,7.5,7,7,7,7.75,6,9,7,7.5,0.9,76,100,,,,,,,,,,,23,80,65,35,3,96,86,82,1,5,3,0,0,0,0,13,0,5,8,1,50,5,5,2,29,1,5,0,100,1.826388889,SingleSeaterSeries; EnduranceSeries,
Jake,Hughes,M,,,,UK,30/05/1988,5; 16; 42,0,0,66,,,,,,,,,0,9.25,9.25,9.25,8.5,11.5,8,10.25,10,9.5,0.9,19,56,,,,,,,,,,,45,85,80,5,4,82,98,87,1,1,1,1,0,2,0,0,0,3,5,5,50,5,5,1,32,1,1,0,100,2.375,EnduranceSeries; SingleSeaterSeries,
Amaury,Cordeel,M,18,Equal,,Belgium,09/07/1996,216,0,0,65,1.22,2018,2016,0,,0,,0,0,7.5,7.5,7.5,8.5,8,6.5,9,6,8.5,0.42,77,29,,,,,,,,,,,15,95,90,35,3,98,17,84,4,0,5,1,0,0,0,0,0,7,6,2,55,5,5,1,29,1,10,0,100,1.916666667,EnduranceSeries; SingleSeaterSeries,
Logan,Sargeant,M,4,Equal,,UnitedStates,31/12/1994,16,0,0,65,3,2018,2016,0,,0,,0,0,9.5,9.5,9.5,9,10,8.75,10,8.5,9.5,0.64,30,58,19,0,0,0,5,3,0,4,0,n/a,30,80,75,45,3,75,65,65,5,2,8,0,0,0,0,6,0,6,9,2,60,5,8,4,36,1,1,0,100,2.340277778,SingleSeaterSeries; GTSeries,
Alex,Peroni,M,51,Equal,,Australia,27/11/1993,16,0,0,64,3.18,2018,2015,0,,0,,0,0,8.5,8,8,8.5,8,7,8.8,5.5,7.8,0.83,16,,,,,,,,,,,,10,75,80,35,3,,,,1,5,6,0,1,6,0,4,0,0,4,2,40,5,5,1,30,1,1,0,100,1.947222222,EnduranceSeries; GTSeries,
Jack,Doohan,M,18,Equal,,Australia,17/01/1995,5; 40; 65; 97,0,0,64,2.56,2018,2016,0,,0,,0,0,10,10,10.5,10.75,11,9,11,9.75,11,0.44,49,79,,,,,,,,,,,10,75,70,75,3,83,40,20,1,2,7,0,0,0,0,5,0,5,9,7,70,5,10,2,34,1,1,0,100,2.583333333,SingleSeaterSeries,
Marino,Sato,M,18,Reserve,,Japan,12/05/1993,5; 65; 93,0,0,65,0.76,2017,2015,0,,0,,0,0,7.5,8,6.5,8.5,7.5,6.5,8.5,4.5,8,0.67,44,32,,,,,,,,,,,25,80,75,25,3,24,62,77,5,5,7,0,0,5,0,15,0,9,4,6,50,5,5,1,33,1,1,0,100,1.819444444,EnduranceSeries; SingleSeaterSeries,
Ralph,Boschung,M,19,Equal,,Switzerland,23/09/1991,16; 165,0,0,67,2.89,2017,2016,0,,0,,0,1,8.5,8.5,8,8,8.5,7.5,9,6.5,8,0.55,36,14,,,,,,,,,,,40,75,80,5,3,19,36,5,3,4,9,1,0,0,0,6,0,7,4,5,50,5,5,3,32,1,3,0,100,2.013888889,EnduranceSeries; SingleSeaterSeries,
Olli,Caldwell,M,19,Reserve,,UK,11/06/1996,16; 42,0,0,64,0.69,2017,2016,0,,0,,0,0,7.5,7.5,7.5,7,7,6,8.5,6.5,7.75,0.54,24,99,,,,,,,,,,,5,90,75,45,3,66,100,84,0,4,5,1,0,0,0,10,0,0,8,7,50,5,8,1,33,1,4,0,100,1.8125,SingleSeaterSeries; EnduranceSeries,
Teppei,Natori,M,12,Reserve,,Japan,11/09/1994,16; 93; 136,0,0,65,0.87,2017,2015,0,,0,,0,0,7.5,7,6.5,7,7,6.5,8.5,6.5,8.25,0.9,44,32,,,,,,,,,,,22,80,75,30,4,24,62,77,5,5,7,0,0,5,0,15,0,9,4,6,65,5,5,4,29,1,1,0,100,1.798611111,EnduranceSeries; SingleSeaterSeries,
Calan,Williams,M,,,,Australia,30/06/1994,16; 216,0,0,64,,,,,,,,,0,6.5,6.5,7,6.75,7.5,6,8,6.5,7.75,0.52,91,48,,,,,,,,,,,15,75,80,25,3,26,71,93,5,3,8,0,0,4,0,3,0,1,7,2,50,5,5,2,32,1,3,0,100,1.736111111,SingleSeaterSeries; EnduranceSeries,
Felipe,Drugovich,M,6,Reserve,,Brazil,23/05/1994,65; 93; 165,0,0,65,3.25,2018,2016,0,,0,,0,3,11.75,11.75,12.5,11.25,11.5,8.5,12.5,9.5,11.75,0.9,66,50,,,,,,,,,,,25,80,75,25,4,17,7,98,2,1,7,0,0,0,0,4,0,5,2,3,65,5,10,2,31,1,1,0,100,2.805555556,Any,
Clement,Novalak,M,20,Equal,,France,23/12/1994,5; 16; 216,0,0,64,3.94,2018,2016,0,,0,,0,0,8.5,8.5,7,8.5,8,7,9,6,8,0.72,6,41,,,,,,,,,,,15,95,80,55,4,100,95,60,4,2,4,0,0,0,0,7,0,1,0,9,72,5,30,3,46,1,10,0,100,1.958333333,SingleSeaterSeries; EnduranceSeries,
Marcus,Armstrong,M,,,,NewZealand,23/02/1994,5; 16; 65; 101; 216,0,0,65,,,,,,,,,0,10,10.5,10.5,11.75,11.8,9.5,12.5,10.5,12,0.82,21,44,,,,,,,,,,,35,95,60,30,3,90,73,74,2,0,8,0,0,6,0,15,0,9,3,3,65,5,8,1,36,1,6,0,100,2.751388889,Any,
Juri,Vips,M,62,Equal,2,Estonia,10/08/1994,5; 16; 65; 96,0,0,66,0.88,2019,2016,0,,0,,0,0,11.5,11.5,10.5,12,11.5,11.5,12.5,10.5,12,0.48,89,65,,,,,,,,,,,25,80,75,60,4,20,15,36,5,4,7,0,0,0,0,11,0,2,1,6,75,5,15,5,36,1,4,0,100,2.875,SingleSeaterSeries; EnduranceSeries,
Gregoire,Saucy,M,23,Equal,,Switzerland,26/12/1993,228,0,0,64,0.95,2018,2016,0,,0,,0,4,11.99,10.7,6.42,12.96,10,10.8,15.01,8.86,9.37,0.79,3,74,,,,,,,,,,,10,95,70,55,3,83,40,14,1,5,8,0,0,3,0,13,0,7,6,10,60,5,10,3,31,1,1,0,100,2.669722222,SingleSeaterSeries; EnduranceSeries,
Caio,Collet,M,31,Equal,,Brazil,03/04/1996,5; 16; 65; 109; 165,0,0,63,0.94,2018,2016,0,,0,,0,2,5.59,12.17,11.94,15.56,4.13,9.6,16.07,10.5,10.65,0.77,66,50,,,,,,,,,,,18,95,70,85,3,17,7,98,2,1,7,0,0,0,0,4,0,5,2,3,70,5,15,3,29,1,1,0,100,2.6725,Any,
Arthur,Leclerc,M,14,Equal,,Monaco,14/10/1994,5; 40; 100,0,0,62,2.78,2018,2016,0,,0,,0,0,8.5,8.5,8,9.5,8.75,7.5,9.5,6.85,9,0.91,45,4,,,,,,,,,,,15,95,75,65,4,66,63,53,2,5,2,0,0,0,0,16,0,6,7,7,70,5,20,1,29,1,1,0,100,2.113888889,SingleSeaterSeries,
Oliver,Bearman,M,12,Equal,,UK,08/05/1999,5; 16; 65; 99; 134,0,0,63,2.78,2018,2016,0,,0,,0,0,10.5,10.5,10,11.5,10.75,7.5,10.75,8.5,10.25,0.63,99,83,,,,,,,,,,,10,95,70,95,4,61,38,91,5,4,8,3,0,0,0,11,0,2,6,3,72,5,15,1,33,1,1,0,100,2.506944444,SingleSeaterSeries,
Cameron,Das,M,,,,UnitedStates,17/03/1994,5; 65; 145,0,0,64,,,,,,,,,0,7,7,7,7.5,7,6.5,7.5,5,7.5,0.55,45,56,,,,,,,,,,,15,95,70,45,3,9,48,29,0,4,9,0,0,0,0,6,0,6,9,1,60,5,8,3,36,1,1,0,100,1.722222222,GTSeries; SingleSeaterSeries,
Enzo,Trulli,M,,,,Italy,15/04/1999,16; 40,0,0,63,,,,,,,,,0,7,6.5,6.5,7,6.75,7,8.5,5.5,7,0.88,99,83,,,,,,,,,,,5,95,70,85,3,61,38,91,5,4,8,3,0,0,0,11,0,2,6,3,60,5,10,2,37,1,1,0,100,1.715277778,SingleSeaterSeries; EnduranceSeries,
Louis,Foster,M,,,,UK,27/07/1997,5; 16; 216,0,0,64,,,,,,,,,0,8,8,7.5,7.5,7.5,6.75,8,6.5,8.8,0.74,84,79,,,,,,,,,,,8,85,90,75,4,93,8,95,1,0,9,1,0,0,0,7,0,4,2,4,55,5,10,1,35,1,1,0,100,1.904166667,SingleSeaterSeries; EnduranceSeries,
Aleksandr,Smolyar,M,,,,RussianFederation,19/07/1995,165,0,0,63,,,,,,,,,2,7,7,7,7.5,7,6.5,8.5,5.5,7.5,0.72,85,2,,,,,,,,,,,10,90,70,45,4,11,48,39,1,3,4,3,0,0,0,15,0,9,2,3,60,5,5,4,33,1,1,0,100,1.763888889,SingleSeaterSeries; EnduranceSeries,
Johnny,Edgar,M,,,,UK,13/02/1998,5; 42; 96,0,0,63,,,,,,,,,0,7.5,7.5,7,8.5,8,7.5,9,6.5,9,0.59,49,79,,,,,,,,,,,5,75,70,75,3,83,40,20,1,2,7,0,0,0,0,5,0,5,9,7,55,5,8,2,29,1,1,0,100,1.958333333,SingleSeaterSeries; EnduranceSeries,
Ido,Cohen,M,27,Reserve,,Israel,16/08/1995,165,0,0,63,1.08,2018,2015,0,,0,,0,0,7.5,7.5,7.5,8.25,7.5,6,8.25,5,8,0.5,45,56,,,,,,,,,,,8,95,70,25,3,9,48,29,0,4,9,0,0,0,0,6,0,6,9,1,35,5,5,4,32,1,1,0,100,1.819444444,Any,
Roman,Stanek,M,20,Equal,,CzechRepublic,25/02/1998,5; 65; 98,0,0,63,2.08,2018,2015,0,,0,,0,0,8.5,8.5,8,7,7.5,6.5,9.5,8,7.5,0.92,99,83,,,,,,,,,,,15,95,70,65,3,61,38,91,5,4,8,3,0,0,0,11,0,2,6,3,60,5,10,2,31,1,1,0,100,1.972222222,SingleSeaterSeries; EnduranceSeries,
Jak,Crawford,M,22,Equal,,UnitedStates,05/02/1999,65; 96,0,0,63,1.24,2018,2016,0,,0,,,0,8.75,8.75,8.5,9,9.5,7.5,10.25,7.5,9.5,0.59,21,56,,,,,,,,,,,10,85,70,85,4,56,7,98,3,0,6,0,0,2,0,3,0,8,2,0,60,5,10,2,30,1,1,0,100,2.201388889,Any,
Bent,Viscaal,M,,,,Netherlands,18/09/1993,16; 42,0,0,64,,,,,,,,,0,9.5,9.5,9.5,10.5,9.75,8.5,9.85,8.75,8.85,0.47,94,98,,,,,,,,,,,20,90,90,55,4,68,89,42,1,5,5,0,0,0,0,12,0,0,10,1,55,5,5,3,32,1,2,0,100,2.352777778,Any,
Filip,Ugran,M,,,,Romania,12/09/1996,43,0,0,68,,,,,,,,,0,6.5,6,6.5,6,6.5,5,7.5,5.5,6.5,0.92,91,47,,,,,,,,,,,8,90,70,20,3,89,34,53,1,1,7,0,0,0,0,13,0,4,0,8,35,5,5,1,33,1,1,0,100,1.555555556,Any,
James,Hedley,M,,,,UK,01/09/1997,5; 216,0,0,63,,,,,,,,,0,7.5,7,7,7.5,7,6,8,5,7.5,0.74,84,79,,,,,,,,,,,5,85,90,55,3,93,8,95,1,0,9,1,0,0,0,7,0,4,2,4,40,5,5,3,31,1,1,0,100,1.736111111,SingleSeaterSeries; EnduranceSeries,
David,Schumacher,M,,,,Germany,23/10/1995,5; 40; 65; 98,0,0,63,,,,,,,,,0,8.5,8.5,7,8.5,8,7,9,6,8,0.88,99,83,,,,,,,,,,,10,95,70,75,3,61,38,91,5,4,8,3,0,0,0,11,0,2,6,3,70,5,10,3,30,1,1,0,100,1.958333333,SingleSeaterSeries; EnduranceSeries,
Matteo,Nannini,M,,,,Italy,10/07/1997,5; 40; 65; 216,0,0,64,,,,,,,,,0,8.5,8.5,8,9,8,6.5,9,7,9,0.42,7,37,,,,,,,,,,,18,80,80,35,4,58,28,42,0,1,8,3,0,1,0,9,0,8,0,7,60,5,8,1,37,1,3,0,100,2.041666667,SingleSeaterSeries,
Ayrton,Simmmons,M,,,,UK,29/04/1995,65,0,0,63,,,,,,,,,0,7.5,7.5,7,8,7.5,6,8,4.5,8,0.65,3,74,,,,,,,,,,,10,95,70,85,4,83,40,14,1,5,8,0,0,3,0,13,0,7,6,10,58,5,10,3,32,1,1,0,100,1.777777778,SingleSeaterSeries; EnduranceSeries,
Oliver,Rasmussen,M,21,Reserve,,Denmark,21/11/1994,16,0,0,64,0.87,2018,2016,0,,0,,0,0,6.5,6.5,6,7.5,7,6.5,8,4.5,7,0.54,3,74,,,,,,,,,,,10,95,70,35,3,83,40,14,1,5,8,0,0,3,0,13,0,7,6,10,40,5,10,1,30,1,1,0,100,1.652777778,SingleSeaterSeries; EnduranceSeries,
Hadrien,David,M,13,Reserve,,France,26/02/1998,5; 65; 108,0,0,62,0.67,2017,2015,0,,0,,0,0,6.75,6.75,6.5,6.75,6.75,5,8,5,7.5,0.75,85,13,,,,,,,,,,,8,90,75,75,3,60,17,56,2,5,1,0,0,0,0,4,0,3,9,5,60,5,15,3,35,1,1,0,100,1.638888889,SingleSeaterSeries,
Guillherme,Samaia,M,14,Reserve,,Brazil,02/10/1990,165,0,0,63,0.95,2017,2016,0,,0,,0,2,6,6,6,6,7,6,8,5.5,7.5,0.65,76,100,,,,,,,,,,,15,80,65,5,2,96,86,82,1,5,3,0,0,0,0,13,0,5,8,1,50,5,5,3,36,1,5,0,100,1.611111111,SingleSeaterSeries; EnduranceSeries,
Juan Manuel,Correa,M,16,Equal,,UnitedStates,09/08/1993,16,0,0,66,1.15,2018,2016,0,,0,,0,2,8.5,8.5,7,8.5,8,7,9,6,8,0.52,76,100,,,,,,,,,,,20,80,65,35,4,96,86,82,1,5,3,0,0,0,0,13,0,5,8,1,45,5,5,1,32,1,5,0,100,1.958333333,SingleSeaterSeries; EnduranceSeries,
Lukas,Dunner,M,16,Reserve,,Austria,12/02/1996,16,0,0,64,0.82,2018,2015,0,,0,,0,0,6,6.5,6,6.5,6.5,6,8,6,6.5,0.65,99,83,,,,,,,,,,,15,80,90,35,3,61,38,91,5,4,8,3,0,0,0,11,0,2,6,3,50,5,5,4,29,1,1,0,100,1.611111111,EnduranceSeries; SingleSeaterSeries,
Ren,Sato,M,17,Reserve,,Japan,05/08/1995,16; 229,0,0,65,0.66,2017,2015,0,,0,,0,0,6,6,6,7,7,6,8,5,7,0.9,49,79,,,,,,,,,,,25,80,70,25,3,83,40,20,1,2,7,0,0,0,0,5,0,5,9,7,40,5,5,1,31,1,1,0,100,1.611111111,EnduranceSeries; SingleSeaterSeries,
Arjun,Maini,M,,,,India,12/12/1987,16,0,0,65,,,,,,,,,0,6,6.5,6,6.5,6.5,6,8,6,6.5,0.63,38,14,,,,,,,,,,,5,70,70,15,3,39,49,58,3,4,7,0,0,0,0,12,0,4,9,8,25,5,5,1,42,1,2,0,100,1.611111111,SingleSeaterSeries,
Franco,Colapinto,M,,,,Argentina,27/05/1997,5; 6; 65,0,0,64,,,,,,,,,0,5,4,6,3,4,5,6,8,3,0.56,89,65,,,,,,,,,,,10,75,70,95,3,20,15,36,5,4,7,0,0,0,0,11,0,2,1,6,89,5,240,4,38,1,4,0,100,1.222222222,EnduranceSeries; SingleSeaterSeries,
Esteban,Masson,M,,,,France,18/09/1998,16,0,0,63,,,,,,,,,0,7,7,6.5,7,6.76,6,8,5,7.5,0.72,85,2,,,,,,,,,,,5,90,70,70,3,11,48,39,1,3,4,3,0,0,0,15,0,9,2,3,50,5,10,2,34,1,1,0,100,1.687777778,SingleSeaterSeries; EnduranceSeries,
Andreas,Estner,M,20,Reserve,,Germany,03/07/1994,5,0,0,63,0.86,2018,2016,0,,0,,0,0,6.5,6,6.5,6,6.5,5,7.5,5.5,6.5,0.73,58,75,,,,,,,,,,,10,70,65,30,3,64,43,62,1,1,4,0,0,0,0,13,0,7,6,4,50,5,5,3,31,1,1,0,100,1.555555556,SingleSeaterSeries; EnduranceSeries,
Niko,Kari,M,,,,Finland,18/10/1993,16,0,0,64,,,,,,,,,0,7.5,7.5,7.5,7,8.5,6.5,8.8,9,7.5,0.71,1,49,,,,,,,,,,,35,80,70,15,4,52,4,15,1,3,9,0,0,0,0,10,0,5,7,2,35,5,5,6,30,1,1,0,100,1.938888889,SingleSeaterSeries; EnduranceSeries,
Sebastian,Fernandez,M,,,,Spain,12/07/1994,16,0,0,64,,,,,,,,,0,6.5,6.5,6.5,8,7,5,8,5,7,0.59,60,47,,,,,,,,,,,15,80,75,25,3,86,58,90,3,5,8,0,0,0,0,1,0,9,2,9,50,5,5,1,31,1,1,0,100,1.652777778,SingleSeaterSeries; EnduranceSeries,
David,Vidales,M,,,,Spain,01/05/1996,16,0,0,64,,,,,,,,,0,6.5,6.5,6.5,7,6.5,6,7.5,5,7,0.65,3,74,,,,,,,,,,,15,95,70,25,3,83,40,14,1,5,8,0,0,3,0,13,0,7,6,10,45,5,5,3,31,1,1,0,100,1.625,EnduranceSeries; SingleSeaterSeries,
Rafael,Villagomez,M,31,Equal,,Mexico,10/11/1995,16,0,0,63,0.82,2018,2016,0,,0,,0,0,6.75,6.5,6.75,6.5,6.5,5,7.5,5.5,6.5,0.92,49,79,,,,,,,,,,,5,75,70,35,3,83,40,20,1,2,7,0,0,0,0,5,0,5,9,7,40,5,5,3,29,1,1,0,100,1.597222222,SingleSeaterSeries,
Konsta,Lappalainen,M,,,,Finland,11/08/1996,16,0,0,64,,,,,,,,,0,6,6,6,6.5,7,7,8,6.5,6.5,0.79,28,93,,,,,,,,,,,12,85,75,35,4,28,72,15,3,2,6,1,0,5,0,15,0,3,7,7,50,5,5,1,30,1,6,0,100,1.652777778,EnduranceSeries; SingleSeaterSeries,
Patrik,Pasma,M,,,,Finland,02/03/1994,5; 65,0,0,64,,,,,,,,,0,7,7,7,7.5,7.5,6,8,6.5,7.5,0.55,45,56,,,,,,,,,,,15,95,70,45,4,9,48,29,0,4,9,0,0,0,0,6,0,6,9,1,55,5,10,2,26,1,1,0,100,1.777777778,Any,
Reshad,de Gerus,M,,,,France,01/07/1997,16,0,0,64,,,,,,,,,0,6.75,7,7,7.5,6.85,6.5,8,5.5,7,0.74,84,79,,,,,,,,,,,8,85,90,35,3,93,8,95,1,0,9,1,0,0,0,7,0,4,2,4,50,5,10,3,36,1,1,0,100,1.725,EnduranceSeries; SingleSeaterSeries,
Federico,Malvestiti,M,,,,Italy,12/06/1994,5,0,0,63,,,,,,,,,0,6,6,6,6.5,6,5,6.5,4,6,0.66,23,73,,,,,,,,,,,5,95,70,45,4,72,88,22,3,2,8,4,0,0,0,9,0,10,10,6,50,5,3,2,36,1,1,0,100,1.444444444,SingleSeaterSeries; EnduranceSeries,
Luke,Browning,M,28,Reserve,,UK,31/01/1996,42,0,0,68,0.2,2018,2016,0,,0,,0,0,5.29,12.98,5.53,11.4,9.14,7.37,19.98,8.15,12.27,0.55,91,47,,,,,,,,,,,8,90,70,65,3,89,34,53,1,1,7,0,0,0,0,13,0,4,0,8,40,5,10,1,29,1,1,0,100,2.558611111,Any,
Nazim,Azman,M,,,,Malaysia,17/08/1995,42,0,0,64,,,,,,,,,0,6.5,6.5,6.5,6.5,7,5,7,5.5,6.75,0.9,19,56,,,,,,,,,,,10,85,80,25,3,82,98,87,1,1,1,1,0,2,0,0,0,3,5,5,45,5,5,1,33,1,1,0,100,1.590277778,EnduranceSeries; SingleSeaterSeries,
Josef,Newgarden,M,32,Equal,,UnitedStates,11/10/1984,7; 16; 65; 152,0,0,67,2.81,2019,2011,25,1,0.1,1,0,0,18.5,18,18,19,18.5,13.5,18.5,15,18.5,0.85,16,,,,,,,,,,,,60,95,75,15,3,,,,2,3,8,0,0,1,0,14,0,10,5,10,80,5,8,2,30,1,10,100,100,4.375,GTSeries,
Scott,McLaughlin,M,32,Equal,,NewZealand,10/06/1987,42,0,0,72,2.78,2018,2015,0,,0,,0,0,13,13,12.75,11.5,13.75,13,12.75,16.5,13.75,0.49,87,,,,,,,,,,,,55,95,90,5,4,,,,2,1,5,0,0,0,0,12,0,4,2,0,55,5,5,3,30,1,7,100,100,3.333333333,GTSeries; EnduranceSeries,
Will,Power,M,32,Reserve,,Australia,23/12/1975,7; 42; 67; 152,0,0,73,0.87,2018,2010,0,,0,,0,0,13,13,13.5,11.5,13.5,12,12.5,19.75,14,0.5,16,,,,,,,,,,,,98,90,75,5,4,,,,2,6,7,1,0,0,0,8,0,10,6,9,70,5,5,3,36,1,4,0,100,3.409722222,GTSeries,
Simon,Pagenaud,M,33,Equal,,France,13/02/1978,7; 16; 44; 152; 216,0,0,72,2.36,2019,2016,25,3,0.15,1,0,0,13.5,13.5,13.5,12.5,14.5,11.5,11.5,18.5,13.5,0.49,87,,,,,,,,,,,,95,95,90,5,4,,,,2,1,5,0,0,0,0,12,0,4,2,0,70,5,5,2,35,1,7,100,100,3.402777778,GTSeries; EnduranceSeries,
Helio,Castroneves,M,33,Equal,,Brazil,10/05/1969,16; 67,0,0,74,2.49,2018,2016,0,,0,,0,0,11.75,11.75,11.5,10.5,13.5,11,11,19.75,13.5,0.5,16,,,,,,,,,,,,98,90,75,5,4,,,,2,6,7,1,0,0,0,8,0,10,6,9,70,5,5,2,40,1,4,0,100,3.173611111,GTSeries,
Conor,Daly,M,33,Reserve,,UnitedStates,05/12/1985,7; 16; 40; 42,0,0,69,0.67,2018,2016,0,,0,,0,0,10,10,10,10,10.5,9,11.5,12.5,10.5,0.47,43,,,,,,,,,,,,50,85,85,5,3,,,,0,4,9,0,0,0,0,0,0,5,4,2,45,5,5,1,30,1,3,0,100,2.611111111,GTSeries,
Scott,Dixon,M,34,Equal,,NewZealand,16/10/1974,7; 16; 22; 34; 44; 67,0,0,70,3.55,2019,2007,25,1,0.1,1,0,0,18.5,19,19.5,16.5,19.8,16,13,19.8,17,0.73,16,,,,,,,,,,,,98,95,95,5,4,,,,2,5,0,0,0,5,0,14,0,0,2,3,85,5,5,6,29,4,20,200,200,4.419444444,GTSeries,
Alex,Palou,M,34,Equal,,Spain,01/04/1991,5; 16; 42; 65; 300,0,0,66,2.78,2019,2015,0,,0,,0,0,15.25,15.25,15,15.75,16.5,14.5,17.35,13,15,0.76,24,39,,,,,,,,,,,45,90,85,25,4,86,35,49,2,1,2,4,0,0,0,12,0,8,8,8,70,5,5,3,36,1,1,0,100,3.822222222,GTSeries,
Tony,Kanaan,M,34,Reserve,,Brazil,26/08/1969,7; 67,0,0,74,0.95,2018,2016,0,,0,,0,0,11.5,12,13,10,13,10,10,19.5,11.5,0.83,16,,,,,,,,,,,,99,90,90,5,5,,,,1,6,0,0,0,2,0,16,0,10,9,9,70,5,5,2,33,1,1,0,100,3.069444444,GTSeries,
Marcus,Ericsson,M,35,Equal,,Sweden,13/01/1984,16; 42,0,0,68,2.53,2018,2014,25,3,75,3,0,0,14.5,14.5,14.25,12.75,14.75,15,15.5,15,15,0.46,16,,,,,,,,,,,,70,80,75,5,4,,,,0,3,5,0,0,5,0,11,0,1,8,10,70,5,5,3,29,1,1,0,100,3.645833333,GTSeries; EnduranceSeries,
Jimmy,Johnson,M,35,Equal,,UnitedStates,17/09/1969,42,0,0,75,1.67,2018,2015,25,3,0.15,1,0,0,13,13,13,11.5,13.5,9.5,11,16.5,13.25,0.66,16,,,,,,,,,,,,90,90,95,5,4,,,,1,6,4,0,0,0,0,6,0,5,4,5,78,5,5,2,32,1,2,100,100,3.173611111,GTSeries,
Santino,Ferucci,M,35,Reserve,,UnitedStates,24/08/1991,286,0,0,65,0.28,2018,2016,0,,0,,0,0,10,10,10,10,10,10,12.5,9,10,0.83,16,,,,,,,,,,,,30,70,70,15,3,,,,1,6,0,0,0,2,0,16,0,10,9,9,45,5,5,4,30,1,1,0,100,2.541666667,GTSeries,
Alexander,Rossi,M,36,Equal,,UnitedStates,25/03/1986,16; 42,0,0,69,3.5,2018,2016,25,1,0.1,1,0,0,14.5,14.5,14.5,13.75,14,12.5,15,17,14.5,0.92,16,,,,,,,,,,,,75,90,65,5,3,,,,2,3,4,1,0,0,0,4,0,6,10,8,75,5,5,3,32,1,2,100,100,3.618055556,GTSeries,
James,Hinchcliffe,M,36,Reserve,,Canada,19/03/1981,7; 42,0,0,71,1.15,2018,2016,0,,0,,0,0,10,10,10,9,10.5,8.75,10.5,14.5,10,0.62,16,,,,,,,,,,,,75,80,75,5,3,,,,1,3,8,0,0,1,0,1,0,3,2,3,50,5,5,1,34,1,3,0,100,2.590277778,GTSeries,
Colton,Herta,M,36,Equal,,UnitedStates,30/03/1994,5; 16; 65,0,0,66,0.82,2020,2014,0,,0,,0,0,15.5,15.5,15,18.5,14.85,12.75,18,12.5,17.5,0.46,35,,,,,,,,,,,,38,95,74,55,4,,,,2,4,6,0,0,0,0,4,0,10,1,1,77,5,10,3,30,1,2,0,100,3.891666667,GTSeries,
Romain,Grosjean,M,37,One,,France,17/04/1980,7; 16; 65; 216; 295,0,0,69,3,2019,2016,0,,0,,0,0,15.5,15.5,15,15,14.5,15,13.25,19.75,14.75,0.73,16,,,,,,,,,,,,98,90,80,2,4,,,,1,2,7,0,0,0,0,10,0,2,5,0,78,5,5,5,32,1,2,0,100,3.840277778,GTSeries; EnduranceSeries,
Devlin,DeFrancesco,M,37,Two,,Canada,17/01/1994,16; 216,0,0,66,3.18,2017,2016,0,,0,,0,0,7,7,6.5,6.5,7.25,6,7.5,6.5,6.75,0.56,16,,,,,,,,,,,,20,90,65,35,3,,,,2,5,8,0,0,4,0,11,0,5,8,8,40,5,5,3,32,1,1,100,100,1.694444444,GTSeries,
Stefan,Wilson,M,37,Reserve,,UK,15/08/1984,7; 42,0,0,72,0.99,2017,2016,0,,0,,0,0,8.5,8.5,8,7.5,10,7.5,10,11.5,8,0.42,16,,,,,,,,,,,,35,90,75,5,4,,,,2,5,3,0,0,0,0,15,0,9,6,0,35,5,5,2,31,1,4,0,100,2.208333333,GTSeries,
Graham,Rahal,M,38,Equal,,UnitedStates,18/11/1984,7; 40; 42,0,0,72,2.56,2022,2015,25,1,75,1,0,0,14.5,14.5,14.5,13,14.5,10.5,12,18.5,14.5,0.43,16,,,,,,,,,,,,90,95,80,5,5,,,,1,3,2,1,0,8,0,3,0,9,0,6,75,5,5,3,32,1,2,100,100,3.513888889,GTSeries,
Christian,Lundgaard,M,38,Equal,,Denmark,23/07/1995,16; 42; 109,0,0,65,1.22,2019,2016,0,,0,,0,2,11.5,11.5,11.5,12.5,12,11.5,13.5,10.5,12.5,0.41,53,49,,,,,,,,,,,30,95,75,35,4,80,50,70,2,2,2,0,0,0,0,15,0,3,9,6,60,5,8,3,27,1,1,0,100,2.972222222,SingleSeaterSeries; GTSeries,
Jack,Harvey,M,38,Reserve,,UK,15/04/1987,42,0,0,70,0.76,2018,2016,0,,0,,0,0,11,11.5,11.5,10.5,12,9.5,12,12.5,11,0.71,42,,,,,,,,,,,,50,85,90,5,4,,,,3,0,7,0,0,0,0,17,0,1,0,7,50,5,5,4,29,1,4,0,100,2.819444444,GTSeries,
Pato,O'Ward,M,39,Equal,,Mexico,06/05/1993,5; 16; 65,0,0,66,2.89,2019,2014,25,1,75,3,0,0,15,15,14.5,16.5,14.5,13.5,18,13,15.5,0.63,16,,,,,,,,,,,,40,95,80,25,4,,,,1,3,8,0,0,8,0,15,0,6,2,6,75,5,8,1,32,1,5,0,100,3.763888889,GTSeries,
Felix,Rosenqvist,M,39,Equal,,Sweden,31/05/1985,16; 42,0,0,69,3,2018,2015,25,3,0.05,3,0,0,13.5,13.5,14,12.5,14.5,13,15.5,15.5,14.5,0.66,16,,,,,,,,,,,,70,90,95,5,4,,,,1,6,4,0,0,0,0,6,0,5,4,5,65,5,5,6,29,1,2,100,100,3.513888889,GTSeries; EnduranceSeries,
Toby,Sowery,M,39,Reserve,,UK,30/06/1990,16,0,0,67,0.69,2019,2016,0,,0,,0,0,9,9,9,9,9,9,9,8,9,0.66,53,,,,,,,,,,,,25,60,50,10,3,,,,0,3,8,1,0,8,0,7,0,1,7,1,40,5,5,4,33,1,1,0,100,2.222222222,GTSeries,
Takuma,Sato,M,40,Equal,,Japan,21/05/1972,7; 16; 67; 216,0,0,70,3.94,2018,2016,25,3,75,3,0,0,13.5,13.5,13,11.5,13.5,12.5,11,19.5,13,0.53,16,,,,,,,,,,,,98,90,85,5,3,,,,2,1,9,0,0,0,0,15,0,10,10,5,80,5,5,3,37,1,3,0,100,3.361111111,GTSeries; EnduranceSeries,
David,Malukas,M,40,Equal,,UnitedStates,27/09/1995,16; 165; 216; 309,0,0,64,2.08,2018,2016,0,,0,,0,2,8.5,8.5,8.5,8.5,7.75,8.5,11,7,9,0.46,16,,,,,,,,,,,,8,90,80,55,3,,,,0,2,4,0,0,0,0,7,0,1,5,5,45,5,5,2,31,1,1,0,100,2.145833333,GTSeries,
Sage,Karam,M,40,Reserve,,UnitedStates,05/03/1989,7; 16; 41,0,0,69,0.89,2018,2016,0,,0,,0,0,9.5,9.5,9,9.5,9,8,12,11,11,0.81,16,,,,,,,,,,,,35,70,60,5,3,,,,1,3,8,0,0,0,0,8,0,9,7,3,40,5,5,3,34,1,1,0,100,2.458333333,GTSeries,
Kyle,Kirkwood,M,41,Equal,,UnitedStates,19/10/1992,7; 216; 301,0,0,66,2.25,2018,2016,0,,0,,0,0,10.5,10.5,9.5,11,10.5,8.5,11.7,8.5,10.5,0.78,16,,,,,,,,,,,,10,80,80,75,4,,,,2,4,5,0,0,0,0,13,0,9,10,4,55,5,15,3,29,1,1,0,100,2.533333333,GTSeries,
Dalton,Kellett,M,41,Equal,,Canada,19/08/1987,165,0,0,69,1.74,2018,2015,0,,0,,0,1,9,9,8.5,9,8.5,7.5,10.5,8.5,9.5,0.42,16,,,,,,,,,,,,25,75,80,10,3,,,,3,4,7,0,0,4,0,2,0,7,3,7,40,5,5,3,29,1,1,0,100,2.222222222,GTSeries,
Tatiana,Calderon,F,41,Reserve,,Colombia,10/03/1987,16; 216,0,0,60,0.86,2017,2016,0,,0,,0,0,7.5,7.5,7.5,7,8,6.5,9.5,10.5,8.5,0.42,16,,,,,,,,,,,,35,75,80,5,4,,,,3,4,7,0,0,4,0,2,0,7,3,7,55,5,5,3,28,1,1,0,100,2.013888889,GTSeries; EnduranceSeries,
Callum,Ilott,M,42,Equal,,UK,11/11/1992,16; 42; 65; 100; 216,0,0,65,1.97,2018,2016,0,,0,,0,0,12.75,12.75,13,13.25,13.5,12.5,16,12,13.75,0.75,45,4,,,,,,,,,,,35,95,75,45,4,66,63,53,2,5,2,0,0,0,0,16,0,6,7,7,70,5,10,1,30,1,1,0,100,3.319444444,Any,
Ed,Jones,M,42,Equal,,UnitedArabEmirates,12/02/1989,16,0,0,69,2.08,2017,2016,0,,0,,0,0,10,10,10,9,11,9,12,12.5,10,0.71,16,,,,,,,,,,,,45,80,70,5,3,,,,0,5,7,1,0,0,0,8,0,4,9,9,35,5,5,2,32,1,3,0,100,2.597222222,GTSeries; EnduranceSeries,
RC,Enerson,M,42,Reserve,,UnitedStates,06/03/1991,165,0,0,66,0.79,2018,2016,0,,0,,0,1,8,8,7.5,8.5,8,7.5,19,6,10,0.42,16,,,,,,,,,,,,20,80,80,5,3,,,,3,4,7,0,0,4,0,2,0,7,3,7,35,5,5,4,30,1,1,0,100,2.291666667,GTSeries,
Rinus,van Kalmthout,M,43,Equal,,Netherlands,11/09/1994,16,0,0,65,2.42,2018,2014,0,,0,,0,0,12.5,12.5,12,12.75,12,12.5,14,11,12.25,0.73,58,75,,,,,,,,,,,25,90,75,35,3,64,43,62,1,1,4,0,0,0,0,13,0,7,6,4,50,5,5,3,35,1,1,0,100,3.097222222,GTSeries; EnduranceSeries,
Ed,Carpenter,M,43,Equal,,UnitedStates,16/04/1976,7; 16; 42; 67; 261,0,0,72,3.75,2019,2012,0,,0,,0,0,11,11,12,12,13,8.5,10,18.5,11.5,0.9,16,,,,,,,,,,,,95,95,90,5,5,,,,0,1,7,1,0,1,0,4,0,10,2,6,50,5,5,3,30,1,5,0,100,2.986111111,GTSeries,
Spencer,Pigot,M,43,Reserve,,UnitedStates,24/09/1988,42,0,0,68,0.32,2018,2016,0,,0,,0,0,10,10,10,9.5,10.5,9,11,11.5,10,0.83,58,,,,,,,,,,,,35,60,70,5,4,,,,1,0,6,0,0,3,0,12,0,5,3,9,40,5,5,2,32,1,1,0,100,2.541666667,GTSeries; EnduranceSeries,
Christian,Rasmussen,M,44,Equal,,Denmark,29/07/1994,65,0,0,66,0.95,2018,2016,0,,0,,0,0,7.5,7.5,7,8,8.5,6.5,10,7.5,8,0.78,16,,,,,,,,,,,,10,80,80,45,4,,,,2,4,5,0,0,0,0,13,0,9,10,4,50,5,5,2,32,1,1,0,100,1.958333333,GTSeries; EnduranceSeries,
Robert,Megennis,M,44,Equal,,UnitedStates,05/03/1994,16,0,0,64,0.84,2019,2016,0,,0,,0,0,7,7,7.5,8,7.5,6,9,6.5,7,0.4,16,,,,,,,,,,,,10,75,70,25,4,,,,0,6,9,1,0,0,0,5,0,3,7,5,60,5,5,3,30,1,1,0,100,1.819444444,GTSeries; EnduranceSeries,
Kiko,Porto,M,44,Reserve,,Brazil,28/08/1997,65,0,0,64,0.29,2018,2016,0,,0,,0,0,8,8,8,9.5,8.5,7,10,6,9,0.88,16,,,,,,,,,,,,5,80,80,75,3,,,,1,6,4,0,0,0,0,6,0,5,4,5,55,5,5,2,30,1,1,0,100,2.055555556,GTSeries; EnduranceSeries,
Hunter,McElrea,M,45,Equal,,NewZealand,21/11/1993,65,0,0,64,0.96,2018,2016,0,,0,,0,0,8,8,8,9.5,8.5,7,10,6,9,0.88,16,,,,,,,,,,,,5,80,80,75,3,,,,1,6,4,0,0,0,0,6,0,5,4,5,55,5,5,4,31,1,1,0,100,2.055555556,GTSeries; EnduranceSeries,
Danial,Frost,M,48,Equal,,Singapore,18/10/1995,165,0,0,63,0.54,2017,2016,0,,0,,0,1,6.5,6,6,6.5,6,6,7.5,5,6.5,0.93,16,,,,,,,,,,,,5,95,90,35,5,,,,0,4,6,0,0,0,0,16,0,7,5,0,50,5,5,1,27,1,1,0,100,1.555555556,GTSeries; EnduranceSeries,
Rasmus,Lindh,M,49,Equal,,Sweden,06/07/1995,42,0,0,65,0.18,2017,2016,0,,0,,0,0,8.5,8.5,7,9,8,8,9,8,7.5,0.56,16,,,,,,,,,,,,5,90,80,35,3,,,,5,4,11,0,0,7,0,14,0,9,60,7,50,5,10,2,32,1,1,0,100,2.041666667,GTSeries; EnduranceSeries,
Linus,Lundqvist,M,48,Equal,,Sweden,27/11/1993,5; 16; 65,0,0,63,0.96,2017,2016,0,,0,,0,0,8.5,8.5,8.5,9,9.15,8.5,10,7.5,9,0.72,48,69,,,,,,,,,,,15,80,85,50,4,75,10,76,5,3,8,0,0,0,0,17,0,4,7,0,45,5,5,2,31,1,1,0,100,2.184722222,GTSeries; SingleSeaterSeries,
Christian,Bogle,M,45,Reserve,,UnitedStates,06/03/1995,42,0,0,70,0.89,2017,2016,0,,0,,0,0,9,9,9,9,9,9,10,8.5,9,0.66,53,,,,,,,,,,,,15,60,50,15,3,,,,0,3,8,1,0,8,0,7,0,1,7,1,50,5,5,1,30,1,1,0,100,2.263888889,EnduranceSeries; GTSeries,
Kyffin,Simpson,M,50,Equal,,UnitedStates,21/05/1988,231,0,0,60,0.28,2018,2016,0,,0,,0,0,5.5,5,5,5.5,6,5,5,4,6,0.42,16,,,,,,,,,,,,5,75,80,75,3,,,,1,2,7,0,0,0,0,0,0,5,6,9,20,5,5,2,36,1,1,0,100,1.305555556,GTSeries,
Nikita,Lastochkin,M,48,Reserve,,RussianFederation,05/05/1984,165,0,0,69,0.89,2018,2016,0,,0,,0,0,6,6,6,5.5,6.25,6,7.5,6.5,6,0.85,16,,,,,,,,,,,,20,70,80,5,3,,,,0,2,0,0,0,5,0,3,0,0,5,6,25,5,5,3,32,1,1,0,100,1.548611111,GTSeries; EnduranceSeries,
Sting Ray,Robb,M,45,Equal,,UnitedStates,03/09/1995,65,0,0,64,0.67,2018,2016,0,,0,,0,0,8.5,8.5,8,9,8.5,6.5,9.5,6,8.5,0.65,16,,,,,,,,,,,,5,75,80,50,4,,,,0,3,1,2,1,2,0,4,0,0,9,6,55,5,5,4,26,1,1,0,100,2.027777778,GTSeries,
Artem,Petrov,M,50,Equal,,RussianFederation,04/01/1994,165,0,0,65,0.13,2017,2016,0,,0,,0,2,7.5,7.5,7.5,7,8,7.5,9,6.5,7.5,0.64,16,,,,,,,,,,,,10,90,80,35,4,,,,4,2,6,0,0,0,0,4,0,3,4,8,45,5,5,4,25,1,1,0,100,1.888888889,EnduranceSeries; GTSeries,
Benjamin,Pedersen,M,46,Equal,,Denmark,05/11/1993,5,0,0,64,1.08,2017,2016,0,,0,,0,0,7.5,7.5,7,8,8.5,7.5,8.5,6,8,0.91,16,,,,,,,,,,,,5,90,80,60,4,,,,4,5,7,0,0,6,0,6,0,0,6,2,65,5,5,3,29,1,1,100,100,1.902777778,GTSeries,
Wyatt,Brichacek,M,46,Reserve,,UnitedStates,27/09/1995,165,0,0,64,0.92,2019,2016,0,,0,,0,2,7,7,7,8,7,8,9,6,7,0.46,16,,,,,,,,,,,,5,90,80,35,5,,,,0,2,4,0,0,0,0,7,0,1,5,5,60,5,5,3,32,1,1,0,100,1.833333333,GTSeries,
Parker,Thompson,M,49,Reserve,,Canada,02/03/1992,16,0,0,64,0.26,2017,2016,0,,0,,0,0,8,8,8,8,8,6,8,6,9,0.49,16,,,,,,,,,,,,5,90,80,55,3,,,,2,5,4,1,0,0,0,12,0,8,3,9,55,5,5,4,28,1,1,0,100,1.916666667,GTSeries,
Braden,Eves,M,47,Equal,,UnitedStates,03/05/1993,16,0,0,63,1.04,2017,2016,0,,0,,0,0,9,8,8,9,8,7,9,6,8,0.83,16,,,,,,,,,,,,5,75,80,65,4,,,,1,5,6,0,1,6,0,4,0,0,4,2,60,5,5,1,37,1,1,0,100,2,EnduranceSeries; GTSeries,
Jacob,Abel,M,47,Equal,,UnitedStates,05/10/1989,16,0,0,67,0.94,2017,2016,0,,0,,0,0,7,7,7,7,8,7,8,6,7.5,0.81,16,,,,,,,,,,,,5,90,80,15,3,,,,1,3,8,0,0,0,0,8,0,9,7,3,55,5,5,2,31,1,1,0,100,1.791666667,EnduranceSeries; GTSeries,
James,Roe Jr,M,47,Reserve,,UnitedStates,12/08/1994,16,0,0,65,0.2,2018,2016,0,,0,,0,0,7,7,7,7,7,7,8,5.5,6.5,0.42,16,,,,,,,,,,,,5,60,80,45,3,,,,0,4,4,0,0,4,0,4,0,8,7,0,50,5,10,2,31,1,1,0,100,1.722222222,GTSeries; EnduranceSeries,
Reece,Gold,M,50,Reserve,,UnitedStates,01/08/1994,42,0,0,63,0.97,2017,2016,0,,0,,0,0,6.5,6.5,6,7,6,6.5,6.5,5,6.5,0.46,16,,,,,,,,,,,,10,90,80,65,4,,,,0,1,9,0,0,0,0,10,0,3,2,3,50,5,5,1,30,1,2,0,100,1.569444444,GTSeries; EnduranceSeries,
Victor,Martins,M,13,Equal,,France,16/06/1995,16; 65; 109,0,0,64,2.49,2018,2016,0,,0,,0,0,10,10,10,11,9.5,9,11.5,10.5,9.5,0.56,85,2,,,,,,,,,,,12,90,70,95,3,11,48,39,1,3,4,3,0,0,0,15,0,9,2,3,68,5,15,3,31,1,1,0,100,2.527777778,SingleSeaterSeries,
Noel,Leon,M,51,Equal,,Mexico,21/12/1998,16,0,0,62,0.14,2019,2016,0,,0,,0,0,7,7,7,7,8,7,8,6,7.5,0.81,16,,,,,,,,,,,,5,90,80,75,3,,,,1,3,8,0,0,0,0,8,0,9,7,3,40,5,5,1,29,1,1,0,100,1.791666667,GTSeries,
Arias,Deukmedjian,M,51,Reserve,,UnitedStates,25/11/1998,16,0,0,62,0.93,2018,2016,0,,0,,0,0,5,5,5,5,5,5,6,3.5,4.5,0.42,16,,,,,,,,,,,,5,60,80,25,3,,,,0,4,4,0,0,4,0,4,0,8,7,0,20,5,10,1,30,1,1,0,100,1.222222222,GTSeries,
Antonio,Serravalle,M,49,Equal,,Canada,18/09/1996,16,0,0,65,0.92,2019,2016,0,,0,,0,0,6,6,6,6,7,6,7.5,5,6,0.65,16,,,,,,,,,,,,5,75,80,15,3,,,,0,3,1,2,1,2,0,4,0,0,9,6,50,5,3,1,35,1,1,0,100,1.541666667,GTSeries; EnduranceSeries,
Manuel,Sulaiman,M,46,Equal,,Mexico,22/07/1994,42,0,0,63,0.23,2019,2016,0,,0,,0,0,6.5,6.5,6,7,6.5,6,8,5,7,0.84,98,,,,,,,,,,,,5,90,60,50,3,,,,1,2,6,0,0,1,0,4,0,10,1,1,50,5,5,1,39,1,2,0,100,1.625,GTSeries,
Brendon,Hartley,M,52,Equal,1,NewZealand,10/11/1983,16; 42,0,0,68,2.81,2019,2014,0,,0,,0,0,16.75,16.75,16.5,13.5,17.5,13.5,14.5,18,15.5,0.71,16,,,,,,,,,,,,85,90,90,5,3,,,,2,2,1,0,0,0,0,8,0,4,7,0,75,5,5,5,29,1,1,100,100,3.958333333,EnduranceSeries,
Sebastien,Buemi,M,52,Equal,1,Switzerland,31/10/1982,7; 16; 44; 91,0,0,68,2.4,2019,2011,0,,0,,0,0,16.5,16.5,15,13.5,18.5,12.5,13.5,15.5,16,0.45,98,,,,,,,,,,,,90,95,80,5,4,,,,0,3,2,1,0,1,0,4,0,10,1,1,75,5,5,4,31,1,1,100,100,3.819444444,EnduranceSeries,
Ryo,Hirakawa,M,52,Equal,1,Japan,07/03/1988,16,0,0,65,1.88,2019,2016,0,,0,,0,0,14.5,14.5,14,13,14,12.5,12.5,15,13,0.43,16,,,,,,,,,,,,75,80,95,5,4,,,,1,1,0,0,0,0,0,6,0,4,9,9,55,5,5,2,33,1,2,100,100,3.416666667,EnduranceSeries,
Kamui,Kobayashi,M,52,Equal,2,Japan,12/06/1980,7; 16; 42; 229,0,0,68,2.71,2019,2011,0,,0,,0,0,15.5,15.5,15.5,15,15,13.5,13.5,16,15.5,0.53,16,,,,,,,,,,,,75,90,75,5,3,,,,1,7,8,1,0,8,0,6,0,4,9,9,75,5,5,3,32,1,2,100,100,3.75,EnduranceSeries,
Mike,Conway,M,52,Equal,2,UK,14/03/1978,7; 16; 42,0,0,70,2.41,2018,2014,0,,0,,0,0,13.5,13.5,13.5,12.5,13.5,12,12.5,15.5,13.5,0.4,16,,,,,,,,,,,,90,80,95,5,3,,,,0,5,0,0,0,5,0,6,0,4,9,9,65,5,5,3,33,1,1,100,100,3.333333333,EnduranceSeries,
Jose,Maria Lopez,M,52,Equal,2,Argentina,26/04/1977,7; 16; 42,0,0,68,1.98,2019,2012,0,,0,,0,0,14.5,14.5,13.5,12,14.5,11.5,12.5,15,14.5,0.83,16,,,,,,,,,,,,75,80,80,5,5,,,,1,5,6,0,1,6,0,4,0,0,4,2,65,5,5,4,32,1,1,100,100,3.402777778,EnduranceSeries,
Kevin,Magnussen,M,11,Equal,,Denmark,22/03/1986,7; 16; 42,0,0,67,3.9,2017,2015,0,,0,,0,0,16,16,16.5,13.5,17.5,13.5,15,17.5,16,0.81,16,,,,,,,,,,,,75,90,80,5,5,,,,1,3,8,0,0,0,0,8,0,9,7,3,75,5,5,4,28,1,1,0,100,3.930555556,EnduranceSeries; SingleSeaterSeries,
Gustavo,Menezes,M,53,Equal,1,UnitedStates,02/01/1989,42,0,0,67,2.5,2018,2015,0,,0,,0,0,12.75,12.75,12.75,12,13,11.5,13.5,13.25,13.5,0.48,16,,,,,,,,,,,,35,90,75,20,3,,,,1,1,8,0,0,0,0,10,0,6,6,6,40,5,5,1,31,1,1,0,100,3.194444444,EnduranceSeries,
Paul,di Resta,M,53,Equal,1,UK,16/04/1980,7; 16; 42,0,0,72,1.77,2018,2015,0,,0,,0,0,13,13,13.5,11.5,13.5,11,11,16.5,12.5,0.8,16,,,,,,,,,,,,75,80,90,5,3,,,,1,4,8,1,0,8,0,16,0,8,1,1,50,5,5,1,30,1,2,0,100,3.208333333,EnduranceSeries,
Jean-Eric,Vergne,M,53,Equal,2,France,25/04/1984,7; 16; 42; 91,0,0,70,3.11,2019,2015,0,,0,,0,0,15.5,15.5,15,14.5,16.5,13,12.5,18.5,16,0.67,16,,,,,,,,,,,,95,90,90,5,4,,,,2,1,9,0,0,0,0,13,0,6,8,8,80,5,5,3,30,1,2,0,100,3.805555556,EnduranceSeries,
Loic,Duval,M,53,Equal,2,France,12/06/1976,7; 16; 44,0,0,71,2.21,2018,2015,0,,0,,0,0,15.5,15.5,15.5,13.5,16.5,12.5,12,19.5,15.5,0.4,16,,,,,,,,,,,,95,90,80,5,4,,,,0,5,7,0,0,1,0,13,0,6,8,8,75,5,5,2,31,1,2,0,100,3.777777778,EnduranceSeries,
Mikkel,Jensen,M,53,Equal,2,Denmark,31/12/1988,16,0,0,66,1.98,2019,2015,0,,0,,0,0,12.5,12.5,12,13,12.5,11.5,13.5,11.5,12.5,0.65,16,,,,,,,,,,,,20,80,80,35,4,,,,1,3,6,0,0,0,0,9,0,8,0,10,60,5,5,4,31,1,1,0,100,3.097222222,EnduranceSeries,
James,Calado,M,58,Equal,1,UK,13/06/1983,7; 16; 42,0,0,70,3.19,2019,2016,0,,0,,0,0,15,15,15,11.5,14.5,12.5,12.5,18,15,0.77,16,,,,,,,,,,,,85,90,75,5,5,,,,2,4,7,0,0,0,0,16,0,0,3,4,50,5,5,2,29,1,2,0,100,3.583333333,EnduranceSeries,
Sam,Bird,M,58,Equal,1,UK,09/01/1981,16; 42; 91,0,0,70,1.94,2019,2016,0,,0,,0,0,13.5,13.5,13,12.5,14,11.5,12.5,16.5,13.5,0.85,16,,,,,,,,,,,,80,80,80,5,4,,,,1,5,7,0,0,0,0,14,0,3,6,7,55,5,5,4,30,1,1,0,100,3.347222222,EnduranceSeries,
Alessandro,Pier Guidi,M,58,Equal,1,Italy,18/12/1977,42,0,0,68,2.24,2018,2016,0,,0,,0,1,12.5,12.5,12.5,11,13,11.5,12.5,12,12.5,0.64,30,,,,,,,,,,,,85,90,80,5,4,90,67,10,5,2,8,0,0,0,0,6,0,6,9,2,35,5,5,2,31,1,1,0,100,3.055555556,EnduranceSeries,
Nicklas,Nielsen,M,58,Equal,2,Denmark,06/02/1991,16,0,0,68,2.51,2018,2016,0,,0,,0,1.5,10,10,10,10.5,11,9,11.5,9.5,10,0.88,16,,,,,,,,,,,,25,85,70,10,3,,,,1,6,4,0,0,0,0,6,0,5,4,5,30,5,5,1,35,1,1,0,100,2.541666667,EnduranceSeries,
Alessio,Rovera,M,58,Equal,2,Italy,22/06/1989,16,0,0,72,2.51,2018,2016,0,,0,,0,0,10,10,10.5,9.5,11,10.5,11.5,11,11.5,0.73,16,,,,,,,,,,,,15,75,50,5,4,,,,0,5,9,4,0,0,0,6,0,7,25,0,30,5,5,1,31,1,2,0,100,2.652777778,EnduranceSeries,
Francois,Perrodo,M,58,Equal,2,France,14/02/1971,165,0,0,71,1.82,2018,2016,0,,0,,0,0,10.5,10.5,11,9,11.5,8,8,13.5,9.5,0.92,16,,,,,,,,,,,,55,85,65,5,4,,,,1,1,2,0,0,0,0,11,0,1,1,6,35,5,5,2,33,1,1,0,100,2.541666667,EnduranceSeries,
Nicolas,Lapierre,M,55,Equal,1,France,02/04/1978,42,0,0,70,2.13,2017,2015,0,,0,,0,0,13.5,13.5,14,12,14.5,11.5,12,15,13.5,0.53,16,,,,,,,,,,,,85,90,90,5,4,,,,1,2,2,0,0,6,0,6,0,9,3,6,40,5,5,3,29,1,3,0,100,3.319444444,EnduranceSeries,
Andre,Negrao,M,55,Equal,1,Brazil,17/06/1986,42,0,0,67,1.8,2017,2015,0,,0,,0,0,12.5,12.5,12.5,12.5,13,11.5,12,13.5,12.5,0.46,16,,,,,,,,,,,,45,80,75,5,3,,,,1,3,7,0,0,0,0,16,0,4,0,6,40,5,5,2,31,1,2,0,100,3.125,EnduranceSeries,
Bruno,Senna,M,55,Equal,1,Brazil,03/05/1978,7; 40; 42,0,0,70,2.43,2018,2015,0,,0,,0,0,12.5,12.5,11.5,10.5,11,11.5,12,14,12,0.93,16,,,,,,,,,,,,75,90,90,5,3,,,,3,3,9,0,0,0,0,6,0,10,10,3,75,5,5,1,30,1,1,0,100,2.986111111,EnduranceSeries,
Matthieu,Vaxiviere,M,55,Equal,2,France,03/12/1988,16,0,0,67,1.99,2019,2015,0,,0,,0,0,12,12,11.5,9.5,12,9,11.5,11.5,12.5,0.83,16,,,,,,,,,,,,75,80,80,5,3,,,,1,3,3,1,0,0,0,14,0,6,2,6,40,5,5,3,30,1,5,0,100,2.819444444,EnduranceSeries,
Thomas,Laurent,M,55,Equal,2,France,31/10/1993,5,0,0,64,2.21,2018,2015,0,,0,,0,0,10,10.5,10.5,11.5,10.5,9,10.5,7,8.5,0.4,16,,,,,,,,,,,,15,80,75,75,3,,,,0,5,7,0,0,1,0,13,0,6,8,8,40,5,5,1,30,1,2,0,100,2.444444444,EnduranceSeries,
Nathaniel,Berthon,M,55,Equal,2,France,17/03/1983,42,0,0,69,1.32,2018,2015,0,,0,,0,0,11,11,11,10.5,11,10.5,12,10.5,12,0.65,16,,,,,,,,,,,,50,90,80,5,3,,,,1,3,6,0,0,0,0,9,0,8,0,10,40,5,5,3,29,1,1,0,100,2.763888889,EnduranceSeries,
Olivier,Pla,M,56,Equal,1,France,22/10/1975,16; 42; 67,0,0,71,1.78,2017,2015,0,,0,,0,0,14,14.5,14,13.5,14.5,13,12.5,15.5,14.5,0.4,16,,,,,,,,,,,,85,80,75,10,4,,,,0,5,7,0,0,1,0,13,0,6,8,8,65,5,5,1,36,1,2,0,100,3.5,EnduranceSeries,
Romain,Dumas,M,56,Equal,1,France,14/12/1971,7; 16; 44; 67,0,0,72,1.61,2018,2015,0,,0,,0,0,14,14,14,10.5,15,11.5,10,18.75,13,0.67,16,,,,,,,,,,,,99,90,90,5,4,,,,2,1,9,0,0,0,0,13,0,6,8,8,55,5,5,2,36,1,2,0,100,3.354166667,EnduranceSeries,
James,Rossiter,M,56,Equal,1,UK,25/08/1977,16; 42,0,0,70,2.29,2017,2016,0,,0,,0,0,13,13,13,11.75,13.5,12,13.5,14.5,14,0.4,16,,,,,,,,,,,,75,90,80,5,3,,,,0,5,7,0,0,1,0,13,0,6,8,8,50,5,5,3,30,1,2,0,100,3.284722222,EnduranceSeries,
Ryan,Briscoe,M,56,Equal,2,Australia,24/09/1975,42,0,0,72,2.07,2017,2015,0,,0,,0,0,12,12,12,11.5,12.5,11.5,11.5,13,12.5,0.46,16,,,,,,,,,,,,75,80,75,5,3,,,,1,3,7,0,0,0,0,16,0,4,0,6,45,5,5,2,32,1,2,0,100,3.013888889,EnduranceSeries,
Franck,Mailleux,M,56,Equal,2,France,27/05/1979,42,0,0,72,1.68,2017,2015,0,,0,,0,0,11,11,11,9,11,8.75,9.5,12.5,10.5,0.77,16,,,,,,,,,,,,70,80,80,5,3,,,,3,6,9,1,0,7,0,15,0,8,0,10,35,5,5,1,27,1,1,0,100,2.618055556,EnduranceSeries,
Richard,Westbrook,M,56,Equal,2,UK,10/07/1969,7; 42,0,0,72,1.99,2017,2015,0,,0,,0,0,11.5,11.5,12,10.5,12.5,10,10,12.5,11,0.4,16,,,,,,,,,,,,90,80,90,5,3,,,,5,3,7,0,0,3,0,11,0,8,4,0,60,5,5,4,30,1,1,0,100,2.819444444,EnduranceSeries,
Giedo,van der Garde,M,57,Equal,1,Netherlands,25/04/1979,42,0,0,70,2.44,2018,2016,0,,0,,0,0,12,12,12,9.5,12.5,10.5,11,13.5,12,0.66,48,,,,,,,,,,,,75,90,90,5,4,,,,0,2,8,0,0,11,0,9,0,10,9,10,50,5,5,1,33,1,2,0,100,2.916666667,EnduranceSeries,
Tom,Dillmann,M,57,Equal,1,France,30/11/1984,42,0,0,69,1.75,2019,2016,0,,0,,0,0,14,14,13.5,12,13.5,11.5,12,14.5,13.75,0.41,16,,,,,,,,,,,,50,90,80,5,4,,,,4,5,8,1,0,0,0,5,0,2,0,3,50,5,5,3,37,1,1,0,100,3.298611111,EnduranceSeries,
Esteban,Guerrieri,M,57,Equal,1,Argentina,19/01/1979,42,0,0,67,2.19,2018,2016,0,,0,,0,0,13.5,13.5,13,11.5,13,11.5,12.5,12.5,13,0.66,48,,,,,,,,,,,,65,90,90,5,4,,,,0,2,8,0,0,11,0,9,0,10,9,10,35,5,5,1,32,1,2,0,100,3.166666667,EnduranceSeries,
Jacob,van Uitert,M,57,Equal,2,Netherlands,10/09/1992,5,0,0,64,2.25,2019,2016,0,,0,,0,0,9,9,8,9.5,8.5,8.5,10,6,9,0.55,48,,,,,,,,,,,,10,80,65,35,3,,,,0,2,2,0,0,8,0,9,0,10,9,10,25,5,10,2,28,1,2,0,100,2.152777778,EnduranceSeries,
Julien,Canal,M,57,Equal,2,France,07/10/1977,42,0,0,70,2.03,2018,2016,0,,0,,0,0,14,14,13.5,12.5,14.5,11,11.5,15.5,12.5,0.63,16,,,,,,,,,,,,75,90,80,5,3,,,,1,5,5,1,0,0,0,16,0,4,0,6,60,5,5,3,29,1,2,0,100,3.305555556,EnduranceSeries,
Will,Stevens,M,57,Equal,2,UK,28/06/1985,16,0,0,68,1.12,2018,2016,0,,0,,0,0,11.5,11.5,11.5,11,12,11.5,11.5,12,12.5,0.72,16,,,,,,,,,,,,50,80,75,5,4,,,,2,5,5,0,0,0,0,1,0,1,2,9,40,5,5,1,32,1,1,0,100,2.916666667,EnduranceSeries,
Filipe,Albuquerque,M,54,Equal,1,Portugal,13/06/1979,42,0,0,71,0.95,2018,2014,0,,0,,0,0,14.5,14.5,15,13.5,15,12.5,13,16.5,14.5,0.77,16,,,,,,,,,,,,70,90,90,3,4,,,,2,4,7,0,0,0,0,16,0,0,3,4,40,5,5,3,47,1,2,0,100,3.583333333,EnduranceSeries,
Philip,Hanson,M,54,Equal,1,UK,05/07/1993,5; 16; 65,0,0,65,0.84,2019,2012,0,,0,,0,0,12.5,12.5,12.5,12.5,12.5,12.5,14,11.5,13,0.4,72,,,,,,,,,,,,25,90,80,45,4,68,70,33,1,4,0,4,0,9,0,6,0,0,7,0,70,5,15,1,32,1,5,0,100,3.152777778,EnduranceSeries,
Oliver,Jarvis,M,54,Equal,1,UK,09/01/1978,7; 16; 42,0,0,69,0.69,2019,2016,0,,0,,0,0,15.5,15.5,14.5,13.5,15.5,12.5,13.5,15,14.75,0.85,16,,,,,,,,,,,,90,80,80,5,3,,,,1,5,7,0,0,0,0,14,0,3,6,7,70,5,5,1,35,1,1,0,100,3.618055556,EnduranceSeries,
Wayne,Boyd,M,54,Equal,2,UK,25/10/1984,42,0,0,68,0.96,2019,2014,0,,0,,0,0,12,12,12,11.5,12,11,12,11.5,12,0.65,16,,,,,,,,,,,,35,90,90,5,4,,,,1,3,6,0,0,0,0,9,0,8,0,10,35,5,5,3,30,1,1,0,100,2.944444444,EnduranceSeries,
Tom,Gamble,M,54,Equal,2,UK,07/11/1995,42,0,0,66,0.54,2019,2015,0,,0,,0,0,9.5,9.5,10,11,10.5,9.5,11.5,8.5,9.9,0.76,16,,,,,,,,,,,,10,90,80,55,3,,,,1,2,0,0,0,0,0,11,0,8,4,0,50,5,5,3,27,1,1,0,100,2.497222222,EnduranceSeries,
Alex,Lynn,M,54,Equal,2,UK,17/09/1987,42,0,0,67,0.88,2019,2016,0,,0,,0,0,13.5,13.5,13,11.5,13.25,11.5,12.5,14.5,13.5,0.66,48,,,,,,,,,,,,65,90,90,5,4,,,,0,2,8,0,0,11,0,9,0,10,9,10,45,5,5,3,33,1,2,0,100,3.243055556,EnduranceSeries,
Ben,Hanley,M,59,Equal,1,UK,16/02/1980,42,0,0,68,0.85,2019,2015,0,,0,,0,0,13.5,13.5,13.5,12,14,11.5,11,14.5,12.75,0.77,16,,,,,,,,,,,,70,90,75,5,5,,,,2,4,7,0,0,0,0,16,0,0,3,4,50,5,5,1,35,1,2,0,100,3.229166667,EnduranceSeries,
Juan Pablo,Montoya,M,59,Equal,1,Colombia,20/09/1969,42,0,0,75,0.94,2019,2016,0,,0,,0,0,13.5,13.5,12.5,10,13,11,10.5,15.5,13.5,0.61,16,,,,,,,,,,,,95,95,95,5,5,,,,0,6,2,0,0,0,0,4,0,8,3,7,35,5,5,2,30,1,4,0,100,3.138888889,EnduranceSeries,
Henrik,Hedman,M,59,Equal,1,Sweden,05/02/1962,42,0,0,72,0.79,2018,2015,0,,0,,0,0,12.5,12.5,12.5,11,12.5,10,10.5,13.5,11.5,0.46,16,,,,,,,,,,,,90,90,90,5,4,,,,0,6,3,0,0,0,0,0,0,5,8,7,30,5,5,3,32,1,2,0,100,2.958333333,EnduranceSeries,
Ricky,Taylor,M,59,Equal,2,UnitedStates,03/08/1983,7; 42,0,0,70,0.86,2019,2016,0,,0,,0,0,15,15,15,12,16.5,13,12,18,14,0.4,16,,,,,,,,,,,,70,90,85,5,4,,,,0,5,7,0,0,6,0,16,0,5,6,5,50,5,5,1,34,1,3,0,100,3.625,EnduranceSeries,
Renger,van der Zande,M,59,Equal,2,Netherlands,16/02/1980,42,0,0,70,0.64,2018,2016,0,,0,,0,0,12,12.5,12.5,11.5,13.5,11,11,13,12.5,0.63,16,,,,,,,,,,,,75,80,80,4,4,,,,3,3,2,0,0,5,0,16,0,5,6,5,35,5,5,1,35,1,3,0,100,3.041666667,EnduranceSeries,
Ryan,Cullen,M,59,Equal,2,Ireland,26/03/1985,16,0,0,70,0.78,2019,2014,0,,0,,0,0,10,10,10,9.5,10.5,9,9,9,9.5,0.7,16,,,,,,,,,,,,25,80,80,5,3,,,,3,6,7,0,0,2,0,16,0,5,6,5,30,5,5,1,32,1,3,0,100,2.402777778,EnduranceSeries,
Robin,Frijns,M,60,Equal,1,Netherlands,07/08/1985,42; 91,0,0,67,0.75,2018,2016,0,,0,,0,0,14.5,14.5,14,13.5,14.5,11.5,13.5,13.5,14.5,0.66,48,,,,,,,,,,,,55,90,90,5,3,,,,0,2,8,0,0,11,0,9,0,10,9,10,50,5,5,4,36,1,2,0,100,3.444444444,EnduranceSeries,
Ferdinand,von Habsburg,M,60,Equal,1,Austria,21/06/1991,16; 40,0,0,65,0.84,2019,2016,0,,0,,0,0,9.5,9.5,10,11.5,10.8,10.5,11.9,10,10.25,0.91,48,,,,,,,,,,,,30,90,80,55,4,,,,2,1,4,0,0,5,0,9,0,10,9,10,55,5,5,4,27,1,2,0,100,2.609722222,EnduranceSeries,
Sean,Gelael,M,60,Equal,1,Indonesia,01/11/1990,165,0,0,66,0.99,2019,2016,0,,0,,0,3,8,8,8.5,7.5,8,7.5,10.5,9,8.5,0.46,16,,,,,,,,,,,,25,90,80,5,3,,,,1,3,7,0,0,0,0,16,0,4,0,6,50,5,5,3,38,1,2,0,100,2.097222222,EnduranceSeries,
Louis,Deletraz,M,62,Equal,2,Switzerland,22/04/1991,16,0,0,66,0.76,2019,2016,0,,0,,0,0,12.75,13,12.75,11.5,12,12,13.5,12.5,13,0.55,48,,,,,,,,,,,,30,90,90,15,3,,,,0,2,2,0,0,8,0,9,0,10,9,10,45,5,5,4,45,1,2,0,100,3.138888889,EnduranceSeries,
Tom,Blomqvist,M,60,Equal,2,UK,30/11/1987,16; 40; 42,0,0,70,0.84,2019,2016,0,,0,,0,0,13.5,13.5,13,12.5,13.5,12.5,12.5,13.5,13.5,0.53,16,,,,,,,,,,,,60,90,90,25,3,,,,1,2,2,0,0,6,0,6,0,9,3,6,55,5,5,3,30,1,3,0,100,3.277777778,EnduranceSeries,
Yifei,Ye,M,60,Equal,2,China,16/06/1994,16,0,0,65,0.68,2017,2016,0,,0,,0,0,8,8,8,8.5,8,8,10.5,7.5,9,0.72,48,,,,,,,,,,,,15,90,85,25,3,,,,1,3,9,0,0,0,0,10,0,5,7,2,35,5,5,1,31,1,2,0,100,2.097222222,EnduranceSeries,
Felipe,Nasr,M,61,Equal,1,Brazil,21/08/1986,7; 16; 44,0,0,71,0.85,2018,2016,0,,0,,0,0,14,14,14,11.5,14.5,12.5,11.5,14.5,13.5,0.4,16,,,,,,,,,,,,45,90,80,5,4,,,,0,5,7,0,0,1,0,13,0,6,8,8,55,5,5,2,36,1,2,0,100,3.333333333,EnduranceSeries,
Norman,Nato,M,61,Equal,2,France,08/07/1986,16; 42,0,0,68,0.94,2018,2016,0,,0,,0,0,13.5,13,13,12.5,13.5,12.5,14.5,12.5,13.5,0.81,16,,,,,,,,,,,,45,90,80,5,4,,,,1,3,8,0,0,0,0,8,0,9,7,3,45,5,5,3,28,1,1,0,100,3.291666667,EnduranceSeries,
Emmanuel,Collard,M,61,Equal,1,France,03/04/1965,42,0,0,73,0.79,2019,2016,0,,0,,0,0,11.5,11.5,11.5,9,13.5,10.5,8.5,15,12.5,0.85,16,,,,,,,,,,,,95,90,80,5,4,,,,2,3,8,0,0,0,0,5,0,3,2,9,45,5,5,3,30,1,5,0,100,2.875,EnduranceSeries,
Sebastien,Bourdais,M,61,Equal,2,France,28/02/1973,44,0,0,72,0.86,2018,2016,0,,0,,0,2,13.5,13.5,13.5,11.5,14.5,12.5,11,16.5,13.5,0.41,16,,,,,,,,,,,,95,85,75,5,4,,,,2,3,8,0,0,0,0,5,0,3,2,9,55,5,5,3,31,1,5,0,100,3.333333333,EnduranceSeries,
Dane,Cameron,M,61,Equal,1,UnitedStates,18/10/1982,16,0,0,71,0.74,2019,2016,0,,0,,0,0,11,11,11,10.5,12,10.5,10.5,12.5,12.5,0.72,16,,,,,,,,,,,,55,90,80,5,4,,,,2,5,5,0,0,0,0,1,0,1,2,9,35,5,5,2,30,1,1,0,100,2.819444444,EnduranceSeries,
Gabriel,Aubry,M,61,Equal,2,France,03/04/1992,16; 42,0,0,75,0.68,2017,2016,0,,0,,0,0,12.5,12.5,12.5,9.5,13.25,8.5,9,16.5,13,0.7,16,,,,,,,,,,,,95,90,90,25,4,,,,2,3,9,1,0,0,0,1,0,1,2,9,50,5,5,2,37,1,1,0,100,2.979166667,EnduranceSeries,
Antonio,Fuoco,M,62,Equal,1,Italy,20/05/1990,16; 40; 42,0,0,67,0.75,2019,2016,0,,0,,0,0,11.5,11.5,11,11.5,12,11.5,12,12,12.5,0.53,16,,,,,,,,,,,,35,90,90,10,4,,,,1,2,2,0,0,6,0,6,0,9,3,6,40,5,5,1,32,1,3,0,100,2.930555556,EnduranceSeries,
Luca,Ghiotto,M,62,Equal,1,Italy,24/02/1989,16,0,0,68,0.84,2019,2016,0,,0,,0,3,12.75,12.75,12.75,11.5,12.75,10.5,12.5,11.5,12.5,0.46,16,,,,,,,,,,,,35,90,80,25,4,,,,1,3,7,0,0,0,0,16,0,4,0,6,40,5,5,3,32,1,2,0,100,3.041666667,EnduranceSeries,
Nico,Muller,M,62,Equal,1,Germany,25/02/1986,16; 42,0,0,69,0.99,2017,2016,0,,0,,0,1,12.5,12.5,12.5,11,13,11.5,12.5,12,12.5,0.64,30,,,,,,,,,,,,50,90,80,5,4,90,67,10,5,2,8,0,0,0,0,6,0,6,9,2,45,5,5,2,31,1,1,0,100,3.055555556,EnduranceSeries,
Lorenzo,Colombo,M,62,Equal,2,Italy,13/09/1994,16,0,0,65,0.66,2019,2016,0,,0,,0,0,9,9,9,10.5,8.75,8.5,11.5,7.5,8.5,0.42,16,,,,,,,,,,,,10,80,80,50,4,,,,4,1,7,0,0,0,0,14,0,8,9,9,50,5,5,1,31,1,3,0,100,2.284722222,EnduranceSeries,
Antonio,Felix da Costa,M,60,Equal,2,Portugal,31/08/1985,42; 65; 91,0,0,68,0.94,2017,2016,0,,0,,0,0,16.5,16.5,15.5,14,17.5,13,14,16,16,0.63,16,,,,,,,,,,,,75,75,90,5,3,,,,1,5,5,1,0,0,0,16,0,4,0,6,60,5,5,2,30,1,2,0,100,3.861111111,EnduranceSeries,
Sophia,Florsch,F,26,Equal,,Germany,01/12/1994,16,0,0,62,0.88,2019,2016,0,,0,,0,0,2.2,2.56,10,6.47,9.9,4.31,9,11.49,15.8,0.59,16,,,,,,,,,,,,40,80,80,15,5,,,,0,3,5,0,0,0,0,10,0,8,6,5,50,5,5,1,38,1,3,0,100,1.9925,Any,
Alex,Brundle,M,63,Equal,1,UK,07/08/1984,42,0,0,69,0.75,2019,2016,0,,0,,0,0,10.5,10.5,10.5,9,11.5,9.5,10,11.5,11,0.4,16,,,,,,,,,,,,35,80,80,5,5,,,,0,3,5,0,0,0,0,10,0,8,6,5,40,5,5,2,26,1,3,0,100,2.611111111,EnduranceSeries,
Esteban,Gutierrez,M,63,Equal,1,Mexico,05/08/1985,16,0,0,68,0.74,2019,2016,0,,0,,0,0,11.5,11.5,11.5,10.5,11.5,10.5,12,12.5,11.5,0.83,16,,,,,,,,,,,,45,80,80,5,3,,,,1,3,3,1,0,0,0,14,0,6,2,6,50,5,5,1,30,1,5,0,100,2.861111111,EnduranceSeries,
Jakub,Smiechowski,M,63,Equal,1,Poland,11/10/1985,16,0,0,61,0.99,2019,2016,0,,0,,0,0,8,8,8,9,8,7,9,7,8,0.92,16,,,,,,,,,,,,30,90,75,5,5,,,,4,1,9,0,0,0,0,15,0,7,1,5,25,5,5,2,32,1,4,0,100,2,EnduranceSeries,
Jordan,King,M,63,Equal,2,UK,26/02/1988,42,0,0,68,0.96,2018,2016,0,,0,,0,1,13,13,12.5,12.5,13.5,12,12.5,13.5,14,0.64,30,,,,,,,,,,,,50,90,80,5,4,90,67,10,5,2,8,0,0,0,0,6,0,6,9,2,45,5,5,3,32,1,1,0,100,3.236111111,EnduranceSeries,
Stefan,Mucke,M,63,Equal,2,Germany,22/11/1975,42,0,0,72,0.64,2018,2016,0,,0,,0,0,13,13,13,10.5,14.5,12,10.5,15.5,13,0.4,16,,,,,,,,,,,,80,95,90,5,4,,,,2,5,1,3,0,0,0,9,0,7,1,4,50,5,5,3,35,1,5,0,100,3.194444444,EnduranceSeries,
Pierre,Thiriet,M,63,Equal,2,France,20/04/1983,42,0,0,70,0.68,2019,2016,0,,0,,0,0,12.5,12.5,13.5,12.5,13,11.5,12,13,12.5,0.51,16,,,,,,,,,,,,50,90,90,5,4,,,,4,4,9,2,0,0,0,15,0,7,1,5,40,5,5,3,31,1,4,0,100,3.138888889,EnduranceSeries,
Richard,Verschoor,M,16,Equal,,Germany,16/12/1994,16; 42,0,3,65,3.5,2019,2016,0,,0,,0,0,9.5,9.5,9.25,10.75,9.5,8.75,11.5,8.5,10.25,0.88,16,,,,,,,,,,,,40,95,90,45,4,,,,1,3,4,0,0,1,0,16,0,5,6,5,65,5,5,1,36,1,1,0,100,2.430555556,SingleSeaterSeries; EnduranceSeries,
Lucas,Auer,M,,,,Austria,11/09/1988,42; 235,0,1,70,,,,,,,,,0,12,12,13,11,13,11.5,13,12.5,12,0.4,48,,,,,,,,,,,,65,85,75,5,4,,,,0,2,8,0,0,11,0,9,0,10,9,10,50,5,5,3,31,1,2,0,100,3.055555556,EnduranceSeries,
Tristan,Gommendy,M,,,,France,04/01/1973,42,0,2,73,,,,,,,,,0,12.5,12,12,11,12.5,10.5,11.5,14.5,12,0.79,16,,,,,,,,,,,,85,90,80,5,3,,,,0,5,3,0,0,0,0,16,0,5,6,5,40,5,5,1,30,1,3,0,100,3.013888889,EnduranceSeries,
Nirei,Fukuzumi,M,,,,Japan,24/01/1991,16; 229,0,3,66,,,,,,,,,5,8.75,8.75,9,8,9,8,10.75,8,8.95,0.83,16,,,,,,,,,,,,30,80,75,30,3,,,,4,1,7,0,0,0,0,14,0,8,9,9,50,5,5,1,35,1,3,0,100,2.2,EnduranceSeries; SingleSeaterSeries,
Zak,O'Sullivan,M,24,Reserve,,UK,06/02/1999,65; 128,0,3,63,0.18,2019,2016,0,,0,,0,1,12.59,10.46,9.6,8.1,8.65,16.48,12.6,19.32,10,0.62,16,,,,,,,,,,,,5,90,90,88,4,,,,0,3,5,0,0,0,0,10,0,8,6,5,55,5,15,2,30,1,3,0,100,2.994444444,SingleSeaterSeries,
Alvaro,Parente,M,,,,Portugal,04/10/1978,42,0,3,68,,,,,,,,,0,11.5,11.5,12.5,11,12,10.5,11,12.5,12,0.93,16,,,,,,,,,,,,45,90,85,5,4,,,,2,5,1,3,0,0,0,9,0,7,1,4,45,5,5,3,29,1,5,0,100,2.902777778,EnduranceSeries,
Sergey,Sirotkin,M,,,,RussianFederation,27/08/1989,16; 165,0,3,67,,,,,,,,,3,11,11,11,11,11,11,12,12,11,0.65,16,,,,,,,,,,,,50,85,85,5,3,,,,4,1,9,0,0,0,0,15,0,7,1,5,55,5,5,2,30,1,4,0,100,2.805555556,EnduranceSeries,
Marta,Garcia,F,,,,Spain,09/08/1994,231,0,1,56,,,,,,,,,0,6.5,6.5,6.5,7,7,5,7.5,5,7,0.83,16,,,,,,,,,,,,18,95,90,35,3,,,,1,3,3,1,0,7,0,6,0,10,10,3,35,5,5,1,30,1,1,0,100,1.611111111,SingleSeaterSeries; EnduranceSeries,
Rene,Rast,M,,,,Germany,26/10/1980,42; 235,0,2,72,,,,,,,,,0,14,14,14.5,13.5,15,12.5,13.5,14.5,13.5,0.49,16,,,,,,,,,,,,75,75,80,5,4,,,,5,3,6,0,0,0,0,12,0,9,8,1,60,5,5,1,31,1,1,0,100,3.472222222,EnduranceSeries,
Joey,Alders,M,,,,Netherlands,06/08/1993,16,0,2,66,,,,,,,,,0,7.8,8,7.5,7.8,8.25,7.5,9.5,7.5,8.26,0.76,16,,,,,,,,,,,,25,90,85,30,4,,,,5,6,7,0,0,0,0,11,0,8,4,0,25,5,5,3,30,1,1,0,100,2.003055556,EnduranceSeries,
Sacha,Fenestraz,M,,,,France,28/07/1993,16; 229,0,0,67,,,,,,,,,0,8,8,8,8.5,9,7,10.5,7,9,0.67,16,,,,,,,,,,,,20,90,85,25,3,,,,2,2,1,0,0,0,0,8,0,4,7,0,40,5,3,4,30,1,1,0,100,2.083333333,EnduranceSeries,
Jamie,Chadwick,F,,,,UK,20/05/1992,5; 232,0,0,58,,,,,,,,,1,8.85,8.85,8.5,9.5,8.95,8.5,9,8.25,9.75,0.56,16,,,,,,,,,,,,40,90,85,30,3,,,,2,4,7,0,0,0,0,12,0,4,9,8,73,5,3,1,30,1,1,0,100,2.226388889,SingleSeaterSeries; EnduranceSeries,
Timo,Bernhard,M,,,,Germany,24/02/1975,16; 44,0,1,70,,,,,,,,,0,16.5,16.5,16,12.5,16.5,12.5,12.5,19.5,15,0.85,16,,,,,,,,,,,,99,95,90,5,5,,,,1,1,8,0,0,0,0,10,0,6,6,6,65,5,5,2,29,1,1,0,100,3.819444444,EnduranceSeries,
Pedro,Piquet,M,,,,Brazil,03/07/1992,16; 40,0,1,66,,,,,,,,,0,8.5,8.5,8.5,8,9,8,11,8,9,0.83,16,,,,,,,,,,,,38,75,75,25,3,,,,4,6,8,0,0,4,0,6,0,6,2,4,45,5,5,2,31,1,1,0,100,2.180555556,EnduranceSeries; SingleSeaterSeries,
Neel,Jani,M,,,,Switzerland,08/12/1977,16; 44,0,1,69,,,,,,,,,1.5,14.75,14.75,14.5,12,16.5,12.5,11.5,18.5,14.75,0.47,16,,,,,,,,,,,,95,80,75,5,4,,,,0,5,3,3,0,8,0,11,0,4,5,5,68,5,5,1,31,1,2,0,100,3.604166667,EnduranceSeries,
Giuliano,Alesi,M,,,,France,07/04/1993,16; 40; 229,0,1,67,,,,,,,,,0,10.5,10.5,10.5,11,11.5,10,12,9.5,10.5,0.75,16,,,,,,,,,,,,45,95,90,10,3,,,,1,3,4,0,0,1,0,16,0,5,6,5,55,5,5,2,32,1,1,0,100,2.666666667,EnduranceSeries,
Jonathan,Aberdein,M,,,,SouthAfrica,14/02/1992,16,0,1,66,,,,,,,,,0,9.5,9.5,9.5,10,11,9,10.5,8,9,0.91,16,,,,,,,,,,,,15,75,70,25,4,,,,5,2,8,0,0,0,0,10,0,7,7,5,30,5,5,4,33,1,3,0,100,2.388888889,EnduranceSeries,
Mitch,Evans,M,,,,Australia,24/06/1988,16; 42; 91,0,2,68,,,,,,,,,0,13,13,13,12.5,13,12,11,11.5,12,0.74,16,,,,,,,,,,,,60,75,90,5,4,,,,0,2,8,0,0,1,0,5,0,7,6,7,55,5,5,3,31,1,1,0,100,3.083333333,EnduranceSeries,
Matheus,Leist,M,,,,Brazil,16/02/1993,165,0,1,66,,,,,,,,,1,8.5,8.5,8,9,9,8,10.5,8,9,0.87,16,,,,,,,,,,,,25,75,75,25,4,,,,2,3,9,0,0,2,0,12,0,4,7,0,40,5,5,1,29,1,1,0,100,2.180555556,EnduranceSeries; GTSeries,
Daniil,Kvyat,M,,,,RussianFederation,26/04/1988,16; 42,0,2,66,,,,,,,,,0,12.5,12.5,12.5,11.5,12.5,10.5,13.5,14.5,12.5,0.92,16,,,,,,,,,,,,65,85,85,5,4,,,,4,4,6,0,0,0,0,3,0,4,2,5,60,5,5,3,48,1,1,0,100,3.125,EnduranceSeries; SingleSeaterSeries,
Lucas,di Grassi,M,,,,Brazil,11/08/1978,5; 16; 42; 91,0,3,68,,,,,,,,,0,14.5,14.5,14.5,12,14.5,12,11,17.5,14,0.5,16,,,,,,,,,,,,85,75,90,5,3,,,,2,3,2,1,0,5,0,0,0,8,0,10,55,5,5,6,30,1,2,0,100,3.458333333,EnduranceSeries,
Maximilian,Gunther,M,,,,Germany,02/07/1991,16; 91,0,3,65,,,,,,,,,0,12.5,12.5,12,12.5,12,11.5,13,11.75,13,0.5,16,,,,,,,,,,,,40,90,75,15,3,,,,4,3,9,0,0,0,0,12,0,10,3,8,60,5,5,3,37,1,1,0,100,3.076388889,EnduranceSeries,
Jonathan,Hoggard,M,,,,UK,15/11/1994,16,0,3,64,,,,,,,,,0,8.5,8.5,7.5,9,8.5,7,9.5,6.5,9,0.4,16,,,,,,,,,,,,10,75,85,55,3,,,,0,4,9,0,1,11,0,5,0,9,6,0,50,5,10,3,34,1,2,0,100,2.055555556,SingleSeaterSeries,
Ralf,Aron,M,,,,Estonia,21/03/1992,16,0,2,67,,,,,,,,,0,8,8,8,8,8,8,8,7.5,8,0.57,16,,,,,,,,,,,,20,75,75,15,3,,,,5,5,6,0,0,0,0,0,0,3,3,6,35,5,5,2,33,1,3,0,100,1.986111111,EnduranceSeries,
Daniel,Abt,M,,,,Germany,03/12/1986,16,0,3,69,,,,,,,,,0,11.5,11.5,11.5,11.5,11,9.5,11.5,13,11.5,0.63,16,,,,,,,,,,,,65,75,85,10,3,,,,1,3,2,1,0,8,0,3,0,9,0,6,50,5,5,6,31,1,4,0,100,2.847222222,EnduranceSeries,
Joel,Eriksson,M,,,,Sweden,28/06/1992,5,0,3,65,,,,,,,,,0,9,9,8.5,10.5,9,9,11,7,9.5,0.42,16,,,,,,,,,,,,20,75,70,25,4,,,,1,5,8,0,0,0,0,0,0,9,3,1,50,5,8,1,29,1,1,0,100,2.291666667,EnduranceSeries,
Nick,Tandy,M,,,,UK,05/11/1978,44; 67,0,0,70,,,,,,,,,0,15.5,15.5,15.5,13.5,16.5,13.5,13.5,18.5,16,0.49,16,,,,,,,,,,,,95,85,75,5,4,,,,0,4,8,2,0,0,0,16,0,5,6,5,60,5,5,1,31,1,3,0,100,3.833333333,EnduranceSeries,
Mahaveer,Rangunathan,M,,,,India,17/11/1992,41; 43; 165,0,0,64,,,,,,,,,5,4.5,4.5,4,4,4.5,4,7.5,3,4.5,0.68,16,,,,,,,,,,,,10,70,15,5,1,,,,2,5,7,3,0,6,0,16,0,5,6,5,90,5,5,1,30,1,3,0,100,1.125,SingleSeaterSeries; EnduranceSeries,
Simona,de Silvestro,F,,,,Switzerland,01/09/1982,42,0,0,63,,,,,,,,,0,9.5,9.5,9,9,11.5,9,10.5,13,10.5,0.46,16,,314,32,97,22,25,5,0,1899,2,n/a,85,75,75,5,5,,,,0,4,8,0,0,2,0,16,0,5,6,5,40,5,5,1,30,3,3,300,300,2.541666667,GTSeries; EnduranceSeries,
Earl,Bamber,M,,,,NewZealand,09/07/1984,44; 67,0,0,70,,,,,,,,,0,14.25,14.25,13.5,10,16.5,12.5,11.5,17,14,0.43,16,,,,,,,,,,,,95,95,85,5,4,,,,2,6,7,1,0,0,0,16,0,5,6,5,60,5,5,1,33,1,3,0,100,3.430555556,EnduranceSeries,
Ryan,Hunter-Reay,M,,,,UnitedStates,17/12/1974,42; 67,0,1,73,,,,,,,,,1,11.5,11.5,11.5,10.5,12,9.5,11.5,11.5,11.5,0.9,16,,,,,,,,,,,,98,85,70,5,4,,,,2,5,7,1,0,0,0,16,0,2,5,6,70,5,5,1,30,1,3,0,100,2.805555556,GTSeries; EnduranceSeries,
Nick,Cassidy,M,,,,NewZealand,19/08/1988,42; 91,0,2,70,,,,,,,,,0,12.5,12.5,12.5,12.5,12.75,11,11.5,12.5,13,0.4,16,,,,,,,,,,,,55,85,90,5,4,,,,1,4,9,0,0,0,0,5,0,9,10,1,60,5,5,3,30,1,2,0,100,3.076388889,EnduranceSeries; GTSeries,
Oliver,Askew,M,,,,UnitedStates,12/12/1990,16; 91,0,0,66,,,,,,,,,0,9.5,9.5,10,10,11,8.75,11,9,10.5,0.57,76,,,,,,,,,,,,27,75,80,45,3,,,,0,2,8,0,0,0,0,5,0,6,5,3,50,5,5,1,30,1,1,0,100,2.479166667,EnduranceSeries; GTSeries,
Pascal,Wehrlein,M,,,,Germany,18/10/1988,16; 42; 91,0,0,67,,,,,,,,,0,11.5,11.5,12,11.5,12.5,11.5,13.5,13.5,12.5,0.75,16,,,,,,,,,,,,65,75,80,5,3,,,,1,3,4,0,0,1,0,16,0,5,6,5,65,5,5,2,26,1,1,0,100,3.055555556,EnduranceSeries,
Lirim,Zendeli,M,,,,Germany,18/10/1993,16,0,0,64,,,,,,,,,0,7,7,7.5,8,7.5,6.5,9,5.5,7.5,0.48,16,,,,,,,,,,,,15,70,65,32,3,,,,2,6,8,1,0,0,0,16,0,9,10,1,55,5,5,1,34,1,1,0,100,1.819444444,SingleSeaterSeries; EnduranceSeries,
Nobuharu,Matsushita,M,,,,Japan,13/10/1987,40; 229,0,0,68,,,,,,,,,1.5,10,10,10,9.5,11.25,10,11,12.5,11.5,0.65,16,,179,0,0,1,25,5,0,511,0,n/a,50,75,85,5,4,,,,0,2,1,0,0,0,0,16,0,5,6,5,50,5,5,3,27,1,1,100,100,2.659722222,EnduranceSeries,
Zane,Maloney,M,17,Equal,,Barbados,02/10/1997,65,0,0,64,3,2018,2016,0,,0,,0,0,10,10,10,9,11,7,11,7.5,10.5,0.88,16,,,,,,,,,,,,20,70,75,65,3,,,,0,1,3,0,0,0,0,13,0,6,8,8,60,5,10,1,37,1,2,0,100,2.388888889,SingleSeaterSeries,
Robert,Schwartzman,M,,,,RussianFederation,16/09/1993,16; 65; 100; 165,0,0,65,,,,,,,,,0,13.25,12.95,12.95,13.5,12.75,11.5,14.75,11.5,12.85,0.48,16,,,,,,,,,,,,30,75,75,25,3,,,,2,6,8,1,0,0,0,16,0,9,10,1,73,5,5,3,33,1,1,0,100,3.222222222,SingleSeaterSeries; EnduranceSeries,
Naoki,Yamamoto,M,,,,Japan,11/07/1982,16; 42; 229,0,0,69,,,,,,,,,0,12.5,12.5,12.5,10.5,13,10,10.5,15,11.5,0.75,16,,,,,,,,,,,,85,95,90,5,4,,,,1,3,4,0,0,1,0,16,0,5,6,5,55,5,5,4,31,1,1,0,100,3,EnduranceSeries,
Andrea,Kimi Antonelli,M,,,,Italy,25/08/2000,5; 65; 103,0,0,59,,,,,,,,,0,6,6,6,6.5,6,4.5,6.5,3.5,6.5,0.75,16,,,,,,,,,,,,2,75,70,99,3,,,,1,3,4,0,0,1,0,16,0,5,6,5,55,5,10,6,27,1,1,0,100,1.430555556,SingleSeaterSeries,
Dan,Ticktum,M,,,,UK,08/06/1993,16; 65; 91; 286,0,0,67,,,,,,,,,0,12.5,12.5,11.5,13,11.5,11,13.5,11.5,12.5,0.75,16,,,,,,,,,,,,50,95,90,35,1,,,,1,3,4,0,0,1,0,16,0,5,6,5,65,5,5,2,30,1,1,0,100,3.041666667,SingleSeaterSeries; EnduranceSeries,
David,Beckmann,M,,,,Germany,27/04/1994,42,0,0,66,,,,,,,,,0,10,10,10,10,11,9,11,11,11,0.75,16,,,,,,,,,,,,40,95,90,35,3,,,,1,3,4,0,0,1,0,16,0,5,6,5,60,5,5,4,35,1,1,0,100,2.583333333,EnduranceSeries; SingleSeaterSeries,
James,Davison,M,,,,Australia,28/08/1980,42,0,0,71,,,,,,,,,0,9.5,9.5,9.25,8.8,10.5,9,9.5,12,10,0.5,16,,,,,,,,,,,,65,90,75,5,4,,,,2,6,7,1,0,0,0,8,0,10,6,9,50,5,5,5,36,1,4,0,100,2.445833333,GTSeries; EnduranceSeries,
Pongthep,Ayadi,M,,,,Thailand,22/01/1991,130; 53,0,3,80,,,,,,,,,0,5.82,9.6,9.46,10,10.4,19.39,6.33,10.54,17.3,0.82,16,,,,,,,,,,,,63,57,75,26,4,,,,3,0,7,0,0,4,0,15,0,1,2,10,59,1,43,1,39,3,4,0,100,2.745555556,Any,
Howie,Arapi,M,,,,Ireland,03/10/1987,66; 78,0,1,80,,,,,,,,,0,5.07,2.72,10.4,8.41,4.39,2.23,3.38,10.5,3.89,0.62,43,,,,,,,,,,,,56,63,3,20,2,,,,5,1,10,0,0,5,0,9,0,7,4,4,37,5,304,3,38,3,2,0,100,1.416388889,GTSeries,
Alan,Bacher,M,,,,UnitedStates,02/11/1979,26; 164,0,2,61,,,,,,,,,0,9,10.1,19.67,4.13,13.43,12.44,5.86,15.93,16.23,0.78,16,,,,,,,,,,,,67,69,75,14,3,,,,5,3,3,0,0,11,0,11,0,2,8,1,57,2,41,1,35,3,3,0,100,2.966388889,Any,
Tommy,Vandamme,M,,,,Italy,21/05/1978,1; 46; 74; 165,0,3,61,,,,,,,,,21.6,10.6,9.9,14.96,9.34,17.25,10.52,11.51,5.71,16.08,0.58,10,,,,,,,,,,,,83,30,57,2,3,,,,0,2,1,0,0,9,0,1,0,0,8,2,18,2,76,1,38,3,5,0,100,2.940833333,Any,
Marc,Fiezzi,M,,,,UK,18/12/1980,233; 262; 165,0,3,60,,,,,,,,,3.6,16.78,14.69,15.26,10.7,7.44,10.3,12.07,17.42,11.87,0.6,10,,,,,,,,,,,,78,51,99,30,4,,,,2,3,8,0,0,0,0,0,0,6,4,4,14,2,41,2,30,3,5,0,100,3.236944444,Any,
Jason,Picerni,M,,,,France,21/03/1978,51; 70,0,3,58,,,,,,,,,0,19.18,7.47,5.18,15.93,2.23,9.7,10.1,8.02,9.2,0.75,16,,,,,,,,,,,,57,41,53,22,2,,,,2,7,7,1,0,9,0,12,0,4,5,8,34,2,43,4,30,2,5,0,100,2.416944444,GTSeries,
Hwang-Dong,Amin,M,,,,SouthKorea,15/11/1980,15,0,3,58,,,,,,,,,0,6.32,5.88,10.4,3.26,18.07,12.22,18.97,15.01,14.57,0.72,20,,,,,,,,,,,,98,55,82,0,5,,,,1,6,8,4,0,7,0,0,0,1,4,2,13,2,45,2,38,2,4,0,100,2.908333333,Any,
Gary,Edwards,M,,,,UnitedStates,30/06/1980,6; 45; 50; 231,0,1,75,,,,,,,,,0,10.27,9.92,9.3,5.62,16.47,15.19,16.81,16.19,15.37,0.61,22,,,,,,,,,,,,67,52,100,0,4,,,,2,3,7,4,0,9,0,1,0,6,8,8,35,2,43,1,33,3,1,0,100,3.198333333,SingleSeaterSeries,
Noah,Vatnikaj,M,,,,Switzerland,25/09/1985,48; 165,0,2,66,,,,,,,,,6.1,12.36,12.2,4.07,14.83,9.97,14.68,9.68,17.57,15.97,0.84,14,,,,,,,,,,,,84,58,92,14,3,,,,0,6,5,1,0,5,0,7,0,5,3,6,41,2,41,1,38,2,1,0,100,3.0925,GTSeries,
Timur,Tibermacine,M,,,,Germany,26/06/1996,34,0,2,59,,,,,,,,,0,13.44,11.47,9,16.86,4.44,10.6,11.96,11.52,12.8,0.78,19,,,,,,,,,,,,69,26,87,0,4,,,,1,3,8,0,0,9,0,8,0,7,3,2,48,2,42,3,32,1,5,0,100,2.835833333,SingleSeaterSeries,
Alex,Galli,M,,,,Italy,16/05/2000,170; 1; 16; 165;  6,0,0,70,,,,,,,,,27,5.77,10,9,2.12,9.7,10.1,2.6,7.18,16.09,0.6,46,75,,,,,,,,,,,19,24,84,96,4,,,,0,3,7,0,0,11,0,1,0,8,0,7,89,3,255,5,40,7,25,0,100,2.015555556,Any,
Jack,Pepa,M,,,,Netherlands,01/11/1978,7; 165,0,0,61,,,,,,,,,6.95,2.2,2.56,10,6.47,9.9,4.31,9,11.49,15.8,0.59,22,,,,,,,,,,,,81,40,81,7,5,,,,0,3,9,0,0,8,0,10,0,9,2,7,59,1,62,1,30,3,1,0,100,1.9925,Any,
Wilton,Hoxha,M,,,,Brazil,25/04/1977,21; 82; 161; 165,0,1,58,,,,,,,,,6.04,4.46,4.64,9.2,14.74,6.18,10.6,8.42,15.53,9.5,0.77,17,,,,,,,,,,,,86,40,90,7,4,,,,3,5,0,0,0,3,0,3,0,4,0,2,9,2,45,3,32,3,1,0,100,2.313055556,Any,
Dagur,Stefnsson,M,,,,Iceland,26/08/1998,59; 291; 165,0,1,63,,,,,,,,,4.05,10.8,15.36,4.95,15.15,10.54,19.58,9.6,17.11,19.43,0.59,20,,,,,,,,,,,,64,41,66,26,5,,,,1,2,7,0,0,5,0,5,0,2,6,6,11,2,42,2,32,1,1,0,100,3.403333333,GTSeries,
Manolis,Kisluk,M,,,,RussianFederation,28/03/1983,118; 48,0,1,59,,,,,,,,,0,18.18,13.7,2.12,19.98,12.1,9.9,9.9,10.6,9.7,0.82,15,,,,,,,,,,,,75,45,70,0,3,,,,1,0,4,0,0,2,0,8,0,8,5,8,18,2,43,1,27,2,2,0,100,2.949444444,SingleSeaterSeries,
Sfiso,Lutaj,M,,,,SouthAfrica,29/06/1995,53,0,1,67,,,,,,,,,0,12.64,14.46,3.67,10.59,9,12.22,10.4,15.14,7.9,0.6,13,,,,,,,,,,,,95,43,77,23,4,,,,5,6,6,0,0,5,0,4,0,9,5,1,75,2,70,2,31,2,2,0,100,2.667222222,GTSeries,
Lvio,Celi,M,,,,Portugal,12/06/1985,313,0,1,52,,,,,,,,,0,11.99,10.7,6.42,12.96,10,10.8,15.01,8.86,9.37,0.79,17,,,,,,,,,,,,97,41,75,12,5,,,,1,2,6,0,0,9,0,0,0,9,1,2,6,2,44,3,33,1,2,0,100,2.669722222,Any,
Dougie,Meisl,M,,,,UK,25/02/1980,7; 165,0,2,59,,,,,,,,,10.37,5.88,10.7,10.4,18.95,15.23,16.4,9.9,17.44,5.07,0.77,12,,,,,,,,,,,,65,61,79,0,3,,,,4,5,7,0,0,1,0,7,0,5,8,6,47,2,43,3,38,2,5,0,100,3.054722222,Any,
Yuri,Sadyrin,M,22,Reserve,,RussianFederation,20/08/2000,6; 9; 70,0,1,62,0.29,2018,2016,0,,0,,0,0,6,6,6,7,6,6,7.5,4.5,5.5,0.92,18,,,,,,,,,,,,87,40,96,37,4,,,,2,6,3,0,0,5,0,6,0,1,4,3,76,2,172,1,31,3,1,0,100,1.513888889,Any,
Emmanuel,Sbia,M,,,,Belgium,20/01/1987,46,0,2,76,,,,,,,,,0,9.32,10.1,5.96,17.4,16.38,11.14,16.26,13.52,15.41,0.73,12,,,,,,,,,,,,66,34,62,14,4,,,,5,0,4,1,0,2,0,15,0,7,2,7,11,1,41,3,32,3,1,0,100,3.208055556,GTSeries,
Stphane,Lamaj,M,,,,Switzerland,01/07/1993,36; 56; 230,0,3,81,,,,,,,,,0,14.04,12.62,9.7,14.65,18.86,18.22,11,15.94,9.6,0.56,13,,,,,,,,,,,,70,63,71,13,4,,,,3,4,10,0,0,3,0,15,0,3,6,6,86,2,43,5,31,1,2,0,100,3.461944444,Any,
Flix,Laborda,M,,,,Belgium,22/07/1984,44; 52; 270;209,0,3,58,,,,,,,,,0,16.79,13.07,15.11,10.2,18.8,10.1,11,16.9,16.23,0.59,14,,,,,,,,,,,,83,28,75,17,3,,,,4,5,10,0,0,6,0,16,0,6,10,5,92,2,43,2,33,1,1,0,100,3.561111111,Any,
Moussa,Sukru,M,,,,Sweden,08/03/1984,44; 51,0,3,61,,,,,,,,,0,10.99,19.38,17.98,10.7,18.05,17.71,19.78,11.93,19.18,0.46,14,,,,,,,,,,,,52,57,82,0,3,,,,1,1,9,0,0,3,0,11,0,0,10,6,75,3,47,3,32,2,2,0,100,4.047222222,Any,
Riku,Tanaka,M,,,,Japan,31/05/1990,42,0,2,58,,,,,,,,,0,14.13,3.86,6.63,11.67,18.6,10,14.86,16.21,16.08,0.69,12,,,,,,,,,,,,80,43,56,2,4,,,,1,4,8,0,1,2,0,1,0,2,6,4,39,2,249,2,35,2,3,0,100,3.112222222,GTSeries,
Siposetu,Selimi,M,,,,SouthAfrica,16/04/1997,66; 126,0,3,80,,,,,,,,,0,12.18,4.76,16.09,10.77,18.78,7.99,10.9,19.98,18.18,0.53,17,,,,,,,,,,,,90,52,79,20,4,,,,0,1,0,2,0,3,0,12,0,4,4,10,52,2,42,5,30,2,3,0,100,3.323055556,Any,
Nicole,Arberi,M,,,,Austria,02/11/1978,43,0,3,76,,,,,,,,,0,19.38,6.5,15.59,9.8,18.78,13.19,13.81,19.76,11.17,0.56,17,,,,,,,,,,,,56,54,83,0,4,,,,4,1,10,0,0,3,0,10,0,4,6,5,10,2,73,1,31,2,1,0,100,3.555,Any,
Bjorn,Kepa,M,,,,Belgium,17/02/1987,14; 5; 1; 156; 165,0,0,78,,,,,,,,,20.2,12.11,15.2,17.91,10,12.73,10.4,6.44,19.98,18.21,0.6,16,,,,,,,,,,,,81,46,99,8,4,,,,3,3,1,2,0,6,0,4,0,6,10,8,69,2,56,1,35,3,2,0,100,3.416111111,Any,
So,Jung,M,,,,SouthKorea,23/11/2001,6; 65; 66,0,0,62,,,,,,,,,0,10.66,19.32,13.32,9.6,12.54,17.29,17.98,2.23,9.9,0.52,21,,,,,,,,,,,,91,39,85,21,2,,,,3,0,6,0,0,8,0,16,0,9,2,2,56,2,308,1,38,3,3,250,100,3.134444444,GTSeries,3
Aaron,Laze,M,,,,Germany,27/08/1994,68,0,0,65,,,,,,,,,0,19.38,9.4,13.59,17.55,15.19,14.02,9.5,10.1,14.44,0.58,14,,192,31,59,32,,,,482,1,,68,67,75,16,4,,,,1,7,7,0,0,10,0,7,0,9,7,9,60,1,1,1,33,3,2,0,100,3.421388889,SingleSeaterSeries,6
Chonlatee,Bajaziti,M,,,,Thailand,18/10/1993,56; 73,0,0,62,,,,,,,,,0,18.14,19.18,16.18,17.98,11,10.33,10.6,19.38,13.55,0.56,14,,207,23,60,24,,,,485,3,,59,50,82,12,3,,,,0,6,4,3,0,9,0,13,0,6,10,9,95,2,42,1,37,3,5,0,100,3.787222222,SingleSeaterSeries,6
Joon-Oh,Gazazat,M,,,,SouthKorea,12/08/1990,45; 52,0,1,58,,,,,,,,,0,19.38,17.32,14.07,9.9,10.3,5.73,12.2,5.86,6.66,0.8,14,,,,,,,,,,,,76,41,90,15,3,,,,0,6,10,1,0,4,0,4,0,2,4,5,32,3,41,1,36,2,2,200,100,2.817222222,Any,
Lois,Zeqaj,M,,,,Indonesia,24/05/1980,7; 35; 209; 278; 86,0,2,66,,,,,,,,,0,11,10.6,11.12,10.3,4.95,10.33,9.5,10.1,14.37,0.58,16,,,,,,,,,,,,45,51,99,49,3,,,,3,4,4,0,0,11,0,13,0,4,5,9,57,2,41,2,35,2,5,0,100,2.563055556,Any,
Roi,Ametlli,M,,,,Spain,11/09/1996,67;  186,0,0,77,,,,,,,,,0,2.18,5.88,2.14,10,2.31,2.25,2.27,4.79,2.2,0.66,83,,,,,,,,,,,,98,55,93,12,2,,,,0,2,4,0,0,6,0,6,0,5,10,10,96,1,51,1,35,2,1,0,100,0.945,Any,
Jiten,Lulaj,M,,,,India,10/09/1981,28; 18; 51,0,0,66,,,,,,,,,0,5.81,13.88,16.58,11.17,15.43,10.6,16.21,8.29,12.35,0.5,10,,,,,,,,,,,,100,69,58,11,2,,,,2,2,9,0,0,7,0,0,0,0,5,2,27,1,42,2,29,3,1,0,100,3.064444444,EnduranceSeries,
Manarbek,Sela,M,,,,Kazakhstan,21/08/1993,82; 93; 155; 212,0,0,70,,,,,,,,,0,12.59,10.46,9.6,8.1,8.65,16.48,12.6,19.32,10,0.62,19,,,,,,,,,,,,80,44,94,2,2,,,,3,7,4,0,0,2,0,4,0,8,0,4,7,2,45,1,31,2,1,200,100,2.994444444,EnduranceSeries,
Jozua,Ceballos,M,,,,Belgium,01/04/1994,130; 82; 19; 165,0,0,63,,,,,,,,,13.2,15.97,17.84,10.5,9.72,2.91,4.76,8.91,7.02,9.7,0.65,15,,,,,,,,,,,,77,57,91,17,4,,,,0,2,8,0,0,6,0,12,0,9,5,3,76,1,70,3,36,1,5,0,100,2.425833333,EnduranceSeries,
Shaquille,Belkaci,M,,,,Netherlands,17/05/1990,64,0,0,82,,,,,,,,,0,5.59,12.17,11.94,15.56,4.13,9.6,16.07,10.5,10.65,0.77,22,,,,,,,,,,,,77,55,76,10,3,,,,2,1,6,0,0,10,0,15,0,2,5,1,68,3,45,3,32,2,1,0,100,2.6725,Any,
Aiden,Neate,M,9,Reserve,,UK,16/05/1998,36; 56; 230,0,3,81,2.28,2018,2016,0,,0,,0,0,14.04,12.62,9.7,14.65,18.86,18.22,11,15.94,9.6,0.56,13,,,,,,,,,,,,70,63,71,13,4,,,,3,4,10,0,0,3,0,15,0,3,6,6,86,2,43,5,31,1,2,0,100,3.461944444,Any,
Lna,Buhler,F,10,Reserve,,Switzerland,09/07/1997,44; 52; 270;209,0,3,58,2.68,2018,2016,0,,0,,0,0,16.79,13.07,15.11,10.2,18.8,10.1,11,16.9,16.23,0.59,14,,,,,,,,,,,,83,28,75,17,3,,,,4,5,10,0,0,6,0,16,0,6,10,5,92,2,43,2,33,1,1,0,100,3.561111111,Any,
Brad,Benavides,M,,,,UnitedStates,20/07/1994,14; 5; 1; 156; 165,0,0,78,,,,,,,,,20.2,12.11,15.2,17.91,10,12.73,10.4,6.44,19.98,18.21,0.6,16,,,,,,,,,,,,81,46,99,8,4,,,,3,3,1,2,0,6,0,4,0,6,10,8,69,2,56,1,35,3,2,0,100,3.416111111,Any,
Kush,Maini,M,19,Equal,,India,22/09/1993,16,0,0,65,3,2017,2016,0,,0,,0,0,9.5,9.5,9,9.5,9,8,10,7.5,9.5,0.48,38,14,,,,,,,,,,,5,70,70,15,3,39,49,58,3,4,7,0,0,0,0,12,0,4,9,8,25,5,5,1,42,1,2,0,100,2.263888889,SingleSeaterSeries,
Sebastin,Montoya,M,28,Equal,,Colombia,14/04/1998,313,0,1,52,1.04,2018,2016,0,,0,,0,0,9.5,9.5,9.5,9,10.5,9.5,10,9.5,10.5,0.4,17,,,,,,,,,,,,97,41,75,12,5,,,,1,2,6,0,0,9,0,0,0,9,1,2,6,2,44,3,33,1,2,0,100,2.430555556,Any,
Gabriele,Min,M,28,Equal,,Italy,20/03/1998,7; 165,0,2,59,0.94,2018,2016,0,,0,,0,10.37,19.38,17.32,14.07,9.9,10.3,5.73,12.2,5.86,6.66,0.8,12,,,,,,,,,,,,65,61,79,0,3,,,,4,5,7,0,0,1,0,7,0,5,8,6,47,2,43,3,38,2,5,0,100,2.817222222,Any,
Kaylen,Frederick,M,23,Equal,,UnitedStates,28/03/1983,118; 48,0,1,59,0.98,2018,2016,0,,0,,0,0,9,9,8.75,9.75,8.95,7.5,9.25,6.5,9.15,0.9,15,,,,,,,,,,,,75,45,70,0,3,,,,1,0,4,0,0,2,0,8,0,8,5,8,18,2,43,1,27,2,2,0,100,2.1625,SingleSeaterSeries,
Nikola,Tsolov,M,23,Reserve,,Bulgaria,21/12/1999,53,0,1,67,0.29,2018,2016,0,,0,,0,0,7.5,8,8,7.5,8,6.5,9,5,7.5,0.65,13,,,,,,,,,,,,95,43,77,23,4,,,,5,6,6,0,0,5,0,4,0,9,5,1,75,2,70,2,31,2,2,0,100,1.861111111,SingleSeaterSeries,
Paul,Aron,M,24,Equal,,Estonia,04/02/1997,6; 9; 70,0,1,62,0.96,2018,2016,0,,0,,0,0,5.81,13.88,16.58,11.17,15.43,10.6,16.21,8.29,12.35,0.5,18,,,,,,,,,,,,87,40,96,37,4,,,,2,6,3,0,0,5,0,6,0,1,4,3,76,2,172,1,31,3,1,0,100,3.064444444,Any,
Dino,Beganovic,M,24,Equal,,Sweden,19/01/1997,46,0,2,76,0.54,2018,2016,0,,0,,0,0,18.18,13.7,2.12,19.98,12.1,9.9,9.9,10.6,9.7,0.82,12,,,,,,,,,,,,66,34,62,14,4,,,,5,0,4,1,0,2,0,15,0,7,2,7,11,1,41,3,32,3,1,0,100,2.949444444,SingleSeaterSeries,
Gabriel,Bortoleto,M,25,Equal,,Brazil,14/10/1997,130; 82; 19; 165,0,0,63,1.04,2018,2016,0,,0,,0,13.2,9.32,10.1,5.96,17.4,16.38,11.14,16.26,13.52,15.41,0.73,15,,,,,,,,,,,,77,57,91,17,4,,,,0,2,8,0,0,6,0,12,0,9,5,3,76,1,70,3,36,1,5,0,100,3.208055556,SingleSeaterSeries,
Leonardo,Fornaroli,M,25,Equal,,Italy,03/12/1997,64,0,0,82,0.96,2018,2016,0,,0,,0,0,10.9,12.04,9.07,5.4,8.65,10.5,10.74,17.55,13.61,0.6,22,,,,,,,,,,,,77,55,76,10,3,,,,2,1,6,0,0,10,0,15,0,2,5,1,68,3,45,3,32,2,1,0,100,2.735,Any,
Oliver,Goethe,M,25,Reserve,,Germany,14/10/1997,82; 93; 155; 212,0,0,70,0.28,2018,2016,0,,0,,0,0,10,4.01,2.31,17.4,14.27,9.13,12.91,19.18,9.3,0.55,19,,,,,,,,,,,,80,44,94,2,2,,,,3,7,4,0,0,2,0,4,0,8,0,4,7,2,45,1,31,2,1,200,100,2.736388889,SingleSeaterSeries,
Roberto,Faria,M,26,Equal,,Brazil,15/01/1997,28; 18; 51,0,0,66,0.67,2018,2016,0,,0,,0,0,6,6,6,6,6,6,6,4.5,6,0.55,10,,,,,,,,,,,,100,69,58,11,2,,,,2,2,9,0,0,7,0,0,0,0,5,2,27,1,42,2,29,3,1,0,100,1.458333333,SingleSeaterSeries,
Piotr,Wisnicki,M,,,,Poland,20/08/1996,67;  186,0,0,77,,,,,,,,,0,2.18,5.88,2.14,10,2.31,2.25,2.27,4.79,2.2,0.66,83,,,,,,,,,,,,98,55,93,12,2,,,,0,2,4,0,0,6,0,6,0,5,10,10,96,1,51,1,35,2,1,0,100,0.945,Any,
Oliver,Gray,M,27,Equal,,UK,28/04/1997,45; 52,0,1,58,0.26,2018,2016,0,,0,,0,0,6,6,6,6.5,7,7,8,6.5,6.5,0.79,14,,,,,,,,,,,,76,41,90,15,3,,,,0,6,10,1,0,4,0,4,0,2,4,5,32,3,41,1,36,2,2,200,100,1.652777778,Any,
Francesco,Simonazzi,M,27,Equal,,Italy,08/03/1998,7; 35; 209; 278; 86,0,2,66,0.92,2018,2016,0,,0,,0,0,6,6,6,6,6,6,7,5,6.5,0.59,16,,,,,,,,,,,,45,51,99,49,3,,,,3,4,4,0,0,11,0,13,0,4,5,9,57,2,41,2,35,2,5,0,100,1.513888889,Any,
Mari,Boya,M,,,,Spain,13/04/1997,56; 73,0,0,62,,,,,,,,,0,6.5,6.5,6.5,6.75,7,5,8,4.5,6.75,0.48,14,,207,23,60,24,,,,485,3,,59,50,82,12,3,,,,0,6,4,3,0,9,0,13,0,6,10,9,95,2,42,1,37,3,5,0,100,1.597222222,SingleSeaterSeries,6
Nikita,Bedrin,M,29,Equal,,RussianFederation,06/01/1999,7; 165,0,0,61,1.21,2018,2016,0,,0,,0,6.95,15.97,17.84,10.5,9.72,2.91,4.76,8.91,7.02,9.7,0.65,22,,,,,,,,,,,,81,40,81,7,5,,,,0,3,9,0,0,8,0,10,0,9,2,7,59,1,62,1,30,3,1,0,100,2.425833333,Any,
Taylor,Barnard,M,29,Equal,,UK,01/06/1997,21; 82; 161; 165,0,1,58,1.15,2018,2016,0,,0,,0,6.04,11,10.6,11.12,10.3,4.95,10.33,9.5,10.1,14.37,0.58,17,,,,,,,,,,,,86,40,90,7,4,,,,3,5,0,0,0,3,0,3,0,4,0,2,9,2,45,3,32,3,1,0,100,2.563055556,Any,
Alejandro,Garca,M,29,Reserve,,Spain,17/07/1996,66; 78,0,1,80,0.21,2018,2016,0,,0,,0,0,17.42,16.62,5.65,7.94,3.04,5.36,9.16,3.25,9.8,0.61,43,,,,,,,,,,,,56,63,3,20,2,,,,5,1,10,0,0,5,0,9,0,7,4,4,37,5,304,3,38,3,2,0,100,2.173333333,EnduranceSeries; SingleSeaterSeries,
Christian,Mansell,M,30,Equal,,Australia,09/02/1998,20; 53; 106,0,0,79,0.92,2018,2016,0,,0,,0,0,12.64,14.46,3.67,10.59,9,12.22,10.4,15.14,7.9,0.6,14,,,,,,,,,,,,71,34,53,14,5,,,,3,4,7,0,0,4,0,2,0,7,3,7,60,1,60,2,36,1,1,0,100,2.667222222,SingleSeaterSeries,
Pepe,Mart,M,30,Equal,,Spain,13/06/1998,16; 287,0,0,54,0.93,2018,2016,0,,0,,0,0,5.88,10.7,10.4,18.95,15.23,16.4,9.9,17.44,5.07,0.77,17,,,,,,,,,,,,53,59,81,12,3,,,,1,5,2,0,0,1,0,13,0,10,10,1,50,2,42,3,30,3,2,0,100,3.054722222,Any,
Hugh,Barter,M,30,Reserve,,Australia,15/09/1998,46,0,0,81,0.14,2018,2016,0,,0,,0,0,4.46,4.64,9.2,14.74,6.18,10.6,8.42,15.53,9.5,0.77,19,,,,,,,,,,,,80,49,68,2,1,,,,0,6,3,0,0,11,0,14,0,8,9,6,13,2,43,1,32,3,1,200,100,2.313055556,SingleSeaterSeries,
Thomas,Smith,M,31,Reserve,,Australia,06/06/1995,16,0,0,64,0.17,2018,2016,0,,0,,0,0,7,7,7,7.5,7.5,6,8,6.5,7.5,0.55,28,93,,,,,,,,,,,12,85,75,35,4,28,72,15,3,2,6,1,0,5,0,15,0,3,7,7,50,5,5,1,30,1,6,0,100,1.777777778,EnduranceSeries; SingleSeaterSeries,
Woohyun,Shin,M,26,Reserve,,SouthKorea,23/08/1998,5; 65,0,0,64,0.13,2018,2016,0,,0,,0,0,5.07,2.72,10.4,8.41,4.39,2.23,3.38,10.5,3.89,0.62,45,56,,,,,,,,,,,15,95,70,45,4,9,48,29,0,4,9,0,0,0,0,6,0,6,9,1,55,5,10,2,26,1,1,0,100,1.416388889,Any,
Isack,Hadjar,M,22,Equal,,France,28/09/1998,43,0,0,68,1.22,2018,2016,0,,0,,0,0,8.5,8.5,7.75,8.5,8.25,7.5,9.75,6.5,9.25,0.91,91,47,,,,,,,,,,,8,90,70,20,3,89,34,53,1,1,7,0,0,0,0,13,0,4,0,8,35,5,5,1,33,1,1,0,100,2.069444444,Any,
Joshua,Mason,M,15,Equal,,UK,19/03/1996,16; 42,0,2,66,2.07,2018,2016,0,,0,,0,0,7.5,7.5,7.5,7,7.5,7,9,7.75,7.5,0.42,16,,,,,,,,,,,,65,85,85,5,4,,,,4,4,6,0,0,0,0,3,0,4,2,5,60,5,5,3,48,1,1,0,100,1.895833333,EnduranceSeries; SingleSeaterSeries,
