First Name,Last Name,Gender,Team,Car,Nationality,DOB,Reliability,Performance,Concentration,Chemistry,Pit Stops,Part Fixes,Wages,Mechanic Bonuses,Relationship With Driver,Weeks Together,Contract Start,Contract End,Patience,Skin Colour,Hair,Hair Colour,Glasses,Accessory,Facial Hair,Potential,Improvement Rate,Peak Age,Peak Duration,Races,Wins,Podiums,Poles,DNFs,DNFs via error,DNS,Career Points,Championships,Stars
Pete,Bonnington,M,2,1,UK,24/09/1981,19.75,19.75,19.4,19.5,19.5,19.5,3.67,2;10,100,150,2007,2019,1,1,9,9,0,0,0,16,38,55,2,150,34,72,40,19,9,0,1529,2,4.666666667
Riccardo,Musconi,M,,,Italy,26/01/1978,18.5,18.5,18,17.5,18.5,19.5,,10;18,,,,,2,1,3,5,0,0,3,19,45,54,2,168,8,28,15,27,15,0,921,0,3.708333333
Giampiero,Lambiase,M,3,1,UK,26/06/1983,19.8,19.8,19.8,19.9,19.5,19.25,3.33,2;20,100,150,2010,2019,4,0,8,2,0,0,0,0,50,56,3,21,0,0,0,5,2,0,10,0,4.25
Hugh,Bird,M,3,2,UK,24/02/1983,17.5,17.5,15,14.5,17.5,19.75,2,2;9,50,50,2015,2019,4,1,7,6,1,0,5,0,50,55,4,71,3,8,0,8,6,0,277,0,4.583333333
James,Urwin,M,4,2,UK,11/12/1980,14,15,13.5,11.5,19,16.5,1.94,10;20,50,50,2011,2019,1,0,10,1,1,1,0,0,50,50,3,40,0,6,0,3,1,0,200,0,3.875
Paul,Williams,M,,,UK,27/01/1988,15.5,14,13.5,12.5,17.5,16.5,,9;10,,,,,1,0,3,2,0,0,5,4,56,51,2,214,11,39,16,31,16,0,970,0,4.25
Xavier,Marcos,M,5,1,Spain,12/09/1981,16.5,17.8,16.5,18.5,19,18.5,0.92,2;19,100,100,2011,2023,2,0,8,7,2,0,1,15,10,50,5,215,20,77,16,45,14,0,1036,1,4.125
Riccardo,Adami,M,5,2,Italy,22/12/1975,19,18.5,18,19.8,19.5,19.5,1.5,2;10,100,150,2011,2019,3,0,3,8,0,0,11,20,40,50,4,141,40,68,45,21,10,0,1658,4,3.833333333
Will,Joseph,M,6,2,UK,18/01/1988,17.5,18.5,18.5,18.5,18.5,18.5,0.58,10;20,75,50,2011,2019,4,1,5,5,0,0,4,14,65,53,4,237,32,97,22,35,24,0,1767,2,3.166666667
Tom,Stallard,M,6,1,UK,09/06/1978,17.5,18.9,19.5,19,19.5,19.5,0.58,9;20,75,50,2008,2019,5,0,10,6,0,0,1,0,50,57,3,270,15,50,8,50,11,0,1198,1,3.166666667
Tim,Wright,M,,,UK,18/11/1985,19,18,18.8,15.5,18.5,18.5,,10;12,,,,,1,0,10,6,0,0,1,50,25,45,5,79,0,0,1,9,4,0,238,0,4.25
Bradley,Joyce,M,,,UK,04/09/1977,18.5,16.5,17.5,18.5,14.5,18.5,,10;18,,,,,3,0,2,7,3,1,3,10,5,50,5,79,0,4,0,12,3,0,189,0,4.041666667
Mattia,Spini,M,8,1,Italy,14/11/1987,15,15,14.8,14,14.5,15,0.44,2;13,50,50,2012,2019,2,0,7,4,0,0,0,19,38,60,1,2,0,0,0,1,1,0,6,0,2.75
Pierre,Hamelin,M,8,2,France,19/10/1985,15.5,15,14.5,14.5,16,17,0.73,10;12,50,50,2011,2019,1,4,11,5,0,1,2,0,50,61,3,2,0,0,0,0,0,0,6,0,3.458333333
Josh,Peckett,M,9,2,UK,19/09/1985,16.5,18.5,18.5,13,17.5,18,0.45,10;11,50,50,2010,2017,2,0,10,9,0,0,6,0,50,62,3,66,0,9,0,20,12,0,236,0,2.791666667
Karel,Loos,M,9,1,Belgium,04/02/1988,17.5,17.5,17.5,16.5,16.5,17.5,0.96,10;13,50,50,2012,2019,4,1,7,6,3,0,1,0,50,64,2,79,1,1,1,20,16,0,49,0,3.916666667
Julien,Simon Chautemps,M,,,France,14/05/1978,15.5,15,16,14,16,17.5,,10;11,,,,,4,1,5,6,0,1,0,23,54,62,4,18,0,0,0,6,3,0,4,0,2.916666667
Jorn,Becker,M,10,2,Germany,21/08/1990,14.5,14.5,12.8,13.5,12.5,15,0.56,10;11,75,50,2012,2018,1,1,8,8,0,0,5,0,50,56,3,2,0,0,0,0,0,0,10,0,3.125
Dominic,Haines,M,,,UK,16/03/1979,16.5,14,14,13.5,14.5,15,,10;20,,,,,5,4,9,0,1,5,0,50,55,43,2,0,0,0,0,0,2,0,0,0,3.875
Gary,Gannon,M,11,1,UnitedStates,18/07/1982,17.5,16.5,15.5,16,15,16.8,0.75,8;18,75,100,2012,2019,2,0,7,6,0,0,6,15,19,62,2,2,0,0,0,0,0,2,0,0,3.5
Andrea,Benisi,M,12,1,Italy,19/06/1973,14.5,13.5,15,13,13.5,14.5,0.43,1;18,29,16,2012,2019,1,2,3,3,2,0,1,11,77,60,3,0,0,0,0,0,0,0,0,0,1.958333333
Daniele,Rossi,M,12,2,Italy,19/01/1975,13.5,13,11,12,11.5,13.5,0.52,3;14,100,102,2012,2019,2,0,7,8,0,0,1,17,48,65,2,19,0,0,0,5,3,0,4,0,2.583333333
Clement,Sudre,M,13,1,France,27/02/1981,13,13,12,11.5,12,14.5,0.68,8;18,46,24,2012,2019,3,4,11,5,0,0,3,4,19,65,2,0,0,0,0,0,0,0,0,0,3.041666667
Pierre-Paul,Ferry,M,13,2,France,01/02/1978,13,12.5,13,13,11.5,13,0.58,13;14,55,29,2011,2019,5,1,11,9,0,0,1,0,50,55,2,1,0,0,0,0,0,0,6,0,2.458333333
Antoine,Voyet,M,14,1,France,28/02/1982,13.5,12.5,13,12.5,13,13,0.55,4;17,65,34,2012,2019,2,0,1,4,1,0,11,0,50,65,3,2,0,0,0,2,1,0,0,0,2.75
Jose,Fontestad,M,14,2,France,21/02/1981,13.5,13.5,12,13,11.5,13.5,0.47,9;15,100,89,2012,2019,1,3,4,7,0,0,1,20,20,64,4,0,0,0,0,0,0,0,0,0,2.333333333
Geoff,Spear,M,18,1,UK,14/10/1985,13.5,13.5,12,12.5,11,13.5,0.55,8;21,5,3,2012,2019,1,5,5,11,0,0,0,26,92,63,1,0,0,0,0,0,0,0,0,0,2.75
Mark,Lincoln,M,18,2,UK,27/06/1981,13.8,12.5,13,12.8,12,14.5,0.51,10;14,67,35,2012,2019,5,4,2,6,0,0,0,21,59,62,2,4,0,0,0,1,1,0,0,0,2.541666667
Manuel,Aboy,M,16,1,Spain,08/08/1983,13,11.5,12,11,11,13,0.43,12;14,100,70,2012,2019,5,2,5,7,0,0,2,7,33,61,4,1,0,0,0,0,0,0,0,0,2.125
Kenny,Kirwan,M,16,2,UK,21/09/1987,12.5,12,11.5,11,12,13,0.48,1;14,77,41,2012,2017,4,0,9,9,3,0,0,20,93,55,2,0,0,0,0,0,0,0,0,0,2.375
James,Goodfield,M,17,1,UK,18/01/1988,12,11.5,11,12,9.5,12,0.68,4;15,100,175,2012,2019,3,4,8,7,0,0,0,20,22,62,3,150,34,72,40,19,9,0,1529,2,3.375
Andrew,Ferguson,M,17,2,UK,22/06/1983,12,11.5,11,12,9.5,12,0.65,3;15,32,17,2012,2017,1,0,0,0,1,0,0,15,15,65,3,168,8,28,15,27,15,0,921,0,3.25
Roel,van de Voorde,M,15,1,Netherlands,14/08/1983,12,11,13,12,12,13,0.63,10;15,100,84,2012,2019,3,1,10,6,0,0,4,25,50,63,3,71,3,8,0,8,6,0,277,0,3.166666667
Juan,López,M,15,2,Mexico,17/04/1989,12.5,11,10,11,12,13,0.6,2;19,8,2,2012,2019,5,0,10,1,0,0,0,37,58,55,2,21,0,0,0,5,2,0,10,0,3
Emilio,Lozano,M,19,1,Spain,11/01/1986,12,9,9,10,11,12,0.5,7;16,100,139,2012,2019,4,1,11,5,0,0,4,0,50,55,2,40,0,6,0,3,1,0,200,0,2.5
Carmelo,Romero,M,19,2,Spain,14/07/1983,11.5,10,10,10,10,11.5,0.56,8;18,4,3,2012,2017,4,0,6,8,0,0,8,0,50,57,2,214,11,39,16,31,16,0,970,0,2.791666667
Simone,Bechini,M,20,1,Italy,07/12/1978,12,11.5,12,12,11.5,13,0.47,13;16,34,18,2011,2019,5,2,6,11,0,0,1,44,205,52,2,141,40,68,45,21,10,0,1658,4,2.333333333
Ben,Easterlow,M,20,2,UK,12/04/1983,12,11.5,11,12,10.5,12,0.45,3;18,100,71,2012,2019,2,1,3,4,0,0,11,0,50,56,1,215,20,77,16,45,14,0,1036,1,2.25
Jeremy,Cotterill,M,21,1,UK,20/12/1968,15,12,11.5,12,11,13.5,0.73,1;16,100,59,2011,2017,5,1,5,10,0,0,0,0,50,54,1,237,32,97,22,35,24,0,1767,2,3.666666667
Huub,de Root,M,21,2,Netherlands,21/02/1980,12,10,9.5,10,11,13,0.5,4;14,14,12,2012,2017,4,1,6,8,0,0,8,0,50,53,2,270,15,50,8,50,11,0,1198,1,2.5
Elias,Huber,M,22,1,Germany,01/10/1987,12,11,11,11,10,12,0.49,3;16,67,35,2011,2019,4,3,2,8,1,0,0,40,70,52,1,79,0,0,1,9,4,0,238,0,2.958333333
Mathias,Weber,M,22,2,Germany,24/02/1986,12,12,12,11,9.5,12,0.4,3;16,100,52,2011,2019,5,0,1,3,0,0,0,3,14,56,3,79,0,4,0,12,3,0,189,0,2.375
Franck,Didiot,M,23,1,France,16/05/1970,13,11,10,10,10,12,0.47,11;21,100,78,2011,2017,4,4,2,7,0,1,0,0,50,60,4,2,0,0,0,1,1,0,6,0,2.791666667
Luc,Matthieu,M,23,2,France,31/07/1975,12,11,10,9.5,9,12,0.4,3;18,61,62,2013,2019,1,2,6,11,0,0,0,0,50,62,2,2,0,0,0,0,0,0,6,0,2.375
Luca,Marconi,M,24,1,Italy,07/02/1978,13,11,11,10.5,11,13,0.27,12;17,51,27,2012,2019,2,1,10,9,0,0,7,0,50,49,2,66,0,9,0,20,12,0,236,0,1.625
Mauricio,Antonelli,M,24,2,Italy,08/04/1980,12,10,11,10,11,12,0.36,12;18,100,123,2012,2019,5,1,10,9,0,0,7,31,31,51,1,79,1,1,1,20,16,0,49,0,2.166666667
Carlo,Giovanardi,M,25,1,Italy,17/11/1990,11,9,9,10,11,12,0.43,2;19,64,37,2011,2019,2,5,0,8,1,0,5,13,10,53,3,18,0,0,0,6,3,0,4,0,2.583333333
Andrea,Baresi,M,25,2,Italy,01/12/1984,12,11,10,9,11,12,0.49,10;21,100,56,2012,2019,3,0,10,3,0,0,1,0,50,62,3,2,0,0,0,0,0,0,10,0,2.958333333
Kevin,Munch,M,26,1,Switzerland,08/12/1978,13,9,11,10.5,11,12,0.42,9;15,100,86,2012,2019,2,4,3,11,0,0,0,0,98,63,2,2,0,0,0,0,0,2,0,0,2.538333333
Hebert,Berger,M,26,2,Austria,18/05/1980,12,11,11,10,9.5,12,0.41,4;14,54,29,2011,2019,4,2,3,4,3,0,0,30,70,55,2,2,0,0,0,0,0,2,0,0,2.454583333
John,Vardy,M,27,1,UK,31/10/1980,12,9.5,11,10.5,10,11.5,0.4,11;14,6,4,2012,2019,1,4,5,7,0,0,4,12,12,53,1,0,0,0,0,0,0,0,0,0,2.375
Alex,Clark,M,27,2,UK,23/11/1983,11,10,10,9.6,11,12,0.45,2;18,100,62,2009,2019,5,1,2,3,0,0,4,45,314,65,3,19,0,0,0,5,3,0,4,0,2.708333333
Hugh,Clark,M,28,1,UK,02/09/1975,12,11,10.5,10,10,12,0.5,8;16,59,31,2011,2019,4,4,7,1,0,0,0,0,50,65,4,0,0,0,0,0,0,0,0,0,3
Peter,Davis,M,28,2,UK,27/03/1983,12,11,11,9.5,10.5,12,0.44,2;20,100,95,2011,2019,5,2,7,2,0,0,4,0,50,63,4,1,0,0,0,0,0,0,6,0,2.625
Tom,Schneider,M,29,1,Germany,18/06/1985,11.5,9,9,11,10.5,12.5,0.27,1;18,78,57,2009,2019,3,1,8,7,1,0,0,33,10,61,3,2,0,0,0,2,1,0,0,0,1.59375
Ottmar,Meier,M,29,2,Switzerland,16/11/1980,12,9.5,9,10,12,11.5,0.22,2;21,65,48,2009,2019,3,5,1,7,0,0,0,20,15,64,1,0,0,0,0,0,0,0,0,0,1.3275
Alex,Silva,M,30,1,Spain,24/02/1983,12,10.5,9,11,11,12,0.38,9;15,24,12,2009,2019,3,1,10,5,2,0,10,0,70,63,3,0,0,0,0,0,0,0,0,0,2.25
Peter,McAndrew,M,30,2,UK,16/05/1973,13,11,10,9,11,13,0.29,10;17,34,18,2009,2019,4,0,1,9,0,0,5,48,50,64,2,4,0,0,0,1,1,0,0,0,1.75
Peter,de Jong,M,31,1,Netherlands,31/07/1990,11,9.5,10,10,9,12,0.26,4;17,2,1,2009,2019,3,3,7,6,0,0,0,38,20,62,1,1,0,0,0,0,0,0,0,0,1.583333333
John,Honig,M,31,2,Netherlands,07/02/1972,11,9,9,9,8.5,11,0.2,8;21,100,64,2009,2017,3,0,6,8,0,0,0,25,50,62,3,0,0,0,0,0,0,0,0,0,1.208333333
Gavin,Ward,M,32,1,Canada,11/11/1984,15,14,13,14.5,15,11,0.67,4;9,100,150,2012,2019,4,4,3,8,0,0,8,20,28,52,4,150,34,72,40,19,9,0,1529,2,3.333333333
Jonathan,Diuguid,M,32,2,UnitedStates,11/11/1973,13,12.5,12.5,13.5,13,13.5,0.63,4;9,100,150,2014,2019,4,4,3,8,0,0,8,20,28,52,4,150,34,72,40,19,9,0,1529,2,3.333333333
Dave,Faustino,M,33,1,UnitedStates,24/02/1980,14.5,15,13.5,14,13.8,13.5,0.63,4;9,100,150,2009,2019,5,0,3,9,0,0,11,42,196,52,2,168,8,28,15,27,15,0,921,0,3.25
Ben,Bretzman,M,33,2,UnitedStates,01/10/1978,15,14,13,14.5,15,11,0.33,4;9,100,150,2012,2019,4,4,3,8,0,0,8,20,28,52,4,150,34,72,40,19,9,0,1529,2,3.333333333
Michael,Cannon,M,34,1,UnitedStates,27/03/1973,16.5,15,15.5,14.5,15,16.5,0.42,4;9,50,50,2014,2019,2,0,4,5,0,0,5,0,50,60,4,2,0,0,0,0,0,0,6,0,2.916666667
Brad,Goldberg,M,34,2,UnitedStates,16/05/1977,12.5,12.5,12,13.5,12,13,0.58,4;9,100,150,2008,2019,5,4,7,6,0,0,4,0,50,54,3,71,3,8,0,8,6,0,277,0,3.25
Julian,Robertson,M,35,1,UnitedStates,31/07/1977,13,12.5,13,12,13.5,14.5,0.54,4;9,50,50,2011,2019,3,1,11,10,3,0,3,14,49,65,3,21,0,0,0,5,2,0,10,0,2.333333333
Eric,Cowdin,M,35,2,UnitedStates,18/06/1980,13.5,13,13.5,14,13,15,0.73,4;9,75,150,2014,2019,4,4,3,9,1,0,4,15,70,54,2,66,0,9,0,20,12,0,236,0,2.708333333
Jeremy,Milless,M,36,1,UnitedStates,08/04/1975,13.5,14.5,14.8,13.5,14,13.5,0.5,4;9,75,100,2012,2019,5,1,2,8,0,0,0,27,42,54,2,214,11,39,16,31,16,0,970,0,3.166666667
Nathan,O'Rourke,M,36,2,UnitedStates,07/02/1975,14,13.5,14,15.5,13,16,0.54,4;9,100,100,2011,2019,4,0,11,4,0,0,1,12,168,56,2,40,0,6,0,3,1,0,200,0,2.666666667
Ray,Gosselin,M,37,1,UnitedStates,01/12/1968,12.5,13.5,13,12,12,10.5,0.33,4;9,75,50,2010,2019,5,1,8,4,0,0,0,0,50,55,4,215,20,77,16,45,14,0,1036,1,3.458333333
Garrett,Mothersead,M,37,2,UnitedStates,17/11/1982,11,12.5,13.4,14,13,14,0.46,4;9,100,100,2011,2019,1,3,7,9,1,0,4,0,50,60,2,141,40,68,45,21,10,0,1658,4,3.083333333
Eddie,Jones,M,38,1,UnitedStates,08/12/1978,13.5,13,14.5,15,13,13,0.54,4;9,100,100,2011,2019,1,1,5,9,0,0,5,0,50,55,2,237,32,97,22,35,24,0,1767,2,3
Matthew,Greasley,M,38,2,UK,18/05/1965,14,13.8,13,13,12.5,13,0.48,4;9,100,100,2011,2019,4,0,7,11,0,0,2,0,50,55,4,270,15,50,8,50,11,0,1198,1,3.083333333
Will,Anderson,M,39,1,UnitedStates,31/10/1975,13,12,13.5,13,12.5,12,0.43,4;9,75,10,2011,2019,5,3,7,6,0,0,0,8,9,55,1,79,0,0,1,9,4,0,238,0,2.333333333
Craig,Hampson,M,39,2,UnitedStates,02/09/1977,14.5,13,13,12.5,13,14.5,0.63,4;9,75,10,2011,2019,3,2,7,1,0,0,0,44,62,54,4,2,0,0,0,1,1,0,6,0,3.083333333
Peter,Walker,M,40,1,UnitedStates,02/09/1965,11.5,11,11,11.5,11,12.5,0.29,4;9,75,10,2014,2019,3,2,7,1,0,0,0,44,62,54,4,2,0,0,0,1,1,0,6,0,3.083333333
Mark,Bennett,M,40,2,UnitedStates,27/03/1965,11.5,11,11.5,11.5,11,12,0.24,4;9,50,50,2014,2019,2,0,4,5,0,0,5,0,50,54,4,2,0,0,0,0,0,0,6,0,2.916666667
Eric,Anderson,M,41,1,UnitedStates,18/06/1975,11.5,10,11.5,11,10.5,11,0.56,4;9,75,150,2011,2019,4,4,3,9,1,0,4,15,70,54,2,66,0,9,0,20,12,0,236,0,2.708333333
Mark,Collins,M,41,2,UnitedStates,16/11/1975,11.5,10.5,11,11.9,10.5,11.5,0.38,4;9,50,10,2012,2019,4,1,0,1,0,0,0,0,50,57,4,79,1,1,1,20,16,0,49,0,3.25
Andy,Brown,M,42,1,UK,24/02/1967,13,12,11.5,11,9.99,14,0.49,4;9,60,50,2012,2019,4,2,5,3,1,0,0,0,0,56,3,18,0,0,0,6,3,0,4,0,2.166666667
Daniel,Carroll,M,42,2,UK,16/05/1975,11,11.5,10.5,11.5,11,11.5,0.58,4;9,65,50,2012,2018,2,1,1,6,0,0,11,0,50,56,3,2,0,0,0,0,0,0,10,0,1.958333333
Matt,Barnes,M,43,1,UnitedStates,31/07/1982,11,12,12,13.5,12,13,0.54,4;9,70,10,2010,2018,3,1,7,2,0,0,0,12,131,65,4,2,0,0,0,0,0,2,0,0,3.125
Alan,Royce,M,43,2,UnitedStates,31/07/1975,10,10.5,11,11.5,10.5,11,0.38,4;9,70,10,2012,2018,3,1,7,2,0,0,0,12,131,65,4,2,0,0,0,0,0,2,0,0,3.125
Matt,Barnes,M,44,1,UnitedStates,31/07/1980,9.5,10,10,11.5,10,11,0.25,4;9,70,10,2010,2018,3,1,7,2,0,0,0,12,131,65,4,2,0,0,0,0,0,2,0,0,3.125
Peter,James,M,44,2,UnitedStates,31/07/1971,10,10.5,11,11.5,10.5,11,0.36,4;9,70,10,2012,2018,3,1,7,2,0,0,0,12,131,65,4,2,0,0,0,0,0,2,0,0,3.125
Fred,Roberts,M,45,1,UnitedStates,31/07/1982,10,11,11,11.5,11,11,0.21,4;9,70,10,2010,2018,3,1,7,2,0,0,0,12,131,65,4,2,0,0,0,0,0,2,0,0,3.125
Alex,Hamilton,M,45,2,UnitedStates,31/07/1978,10.5,10.5,11,11.5,10.5,11,0.43,4;9,70,10,2012,2017,3,1,7,2,0,0,0,12,131,65,4,2,0,0,0,0,0,2,0,0,3.125
Nathan,Morris,M,46,1,UnitedStates,31/07/1970,9,11,10,10,10,10,0.29,4;9,70,10,2010,2018,3,1,7,2,0,0,0,12,131,65,4,2,0,0,0,0,0,2,0,0,3.125
Adam,Walker,M,46,2,UnitedStates,31/07/1975,9,10.5,11,11.5,10,10,0.23,4;9,70,10,2012,2017,3,1,7,2,0,0,0,12,131,65,4,2,0,0,0,0,0,2,0,0,3.125
Robert,Travis,M,47,1,UnitedStates,31/07/1980,9.5,11,11,9.5,10,10,0.17,4;9,70,10,2010,2018,3,1,7,2,0,0,0,12,131,65,4,2,0,0,0,0,0,2,0,0,3.125
Alan,Lawson,M,47,2,UnitedStates,31/07/1983,9.5,10.5,9,9.5,10,10,0.41,4;9,70,10,2012,2017,3,1,7,2,0,0,0,12,131,65,4,2,0,0,0,0,0,2,0,0,3.125
Matt,Barnes,M,48,1,UnitedStates,31/07/1982,10.5,11,11,9.5,10,10,0.29,4;9,70,10,2010,2018,3,1,7,2,0,0,0,12,131,65,4,2,0,0,0,0,0,2,0,0,3.125
Hank,Ferris,M,48,2,UnitedStates,31/07/1985,9.5,10.5,10,11.5,10.5,11,0.3,4;9,70,10,2012,2017,3,1,7,2,0,0,0,12,131,65,4,2,0,0,0,0,0,2,0,0,3.125
Roger,Garnet,M,49,1,UnitedStates,31/07/1981,8.5,12,12,13.5,9,10,0.32,4;9,70,10,2010,2019,3,1,7,2,0,0,0,12,131,65,4,2,0,0,0,0,0,2,0,0,3.125
Shaun,Norris,M,49,2,UnitedStates,31/07/1977,9.5,10.5,11,11.5,9.5,11,0.24,4;9,70,10,2012,2017,3,1,7,2,0,0,0,12,131,65,4,2,0,0,0,0,0,2,0,0,3.125
Dennis,Vardy,M,50,1,UnitedStates,31/07/1980,9.5,9,9,9.5,9,10,0.21,4;9,70,10,2010,2019,3,1,7,2,0,0,0,12,131,65,4,2,0,0,0,0,0,2,0,0,3.125
Alan,Barker,M,50,2,UnitedStates,31/07/1979,9.5,8.5,9,11.5,9.5,11,0.34,4;9,70,10,2012,2017,3,1,7,2,0,0,0,12,131,65,4,2,0,0,0,0,0,2,0,0,3.125
Peter,Clark,M,51,1,UK,02/09/1970,10,10,10.5,9,9,10,0.22,8;16,59,31,2011,2019,4,4,7,1,0,0,0,0,50,65,4,0,0,0,0,0,0,0,0,0,3
Mark,Davis,M,51,2,UK,27/03/1980,9.6,10,11,9,9.5,10,0.19,2;20,100,95,2011,2019,5,2,7,2,0,0,4,0,50,63,4,1,0,0,0,0,0,0,6,0,2.625
Kenji,Hiyoto,M,52,1,Japan,23/07/1977,15,13,14,13,12.5,13.5,0.54,12;21,5;10;15,10;20;30,2012,2019,5,2,6,1,0,0,1,15,85,53,4,,,,,,,,,,3
Cairon,Pilbeam,M,53,1,UK,09/05/1975,18.5,18.5,15.5,15,15,18.5,0.38,7;21,17;15;6,30;28;15,2013,2019,4,0,3,2,0,0,0,23,28,55,3,,,,,,,,,,2.657083333
Alessandro,Bonucci,M,58,1,Italy,29/11/1975,10,10,10,10,10,11,0.25,12;15,30;52;15,65;90;26,2012,2019,3,4,2,5,1,0,0,8,320,53,4,,,,,,,,,,2.249166667
Jonathan,Diuguid,M,55,1,UnitedStates,16/08/1983,13,11,12,12,11,13,0.36,4;15,0;1;2,0;5;11,2012,2019,4,0,2,8,1,0,0,18,34,53,3,,,,,,,,,,1.325
Seb,Muller,M,56,1,Germany,21/08/1983,13,11,12,11,12,13,0.21,8;19,6;0;10,12;0;21,2010,2019,2,5,0,8,0,0,9,36,180,53,2,,,,,,,,,,2.657083333
Alex,Watson,M,57,1,UK,12/03/1982,13,11,12,12,11.5,13,0.43,1;21,26;36;10,56;71;20,2010,2019,4,1,12,5,0,0,0,12,65,56,3,,,,,,,,,,2.28875
John,Bischoff,M,54,1,UnitedStates,16/02/1974,13,11.5,11.6,12,12,13.5,0.29,11;14,20;0;10,32;0;17,2010,2019,2,1,11,4,0,0,0,8,15,52,1,,,,,,,,,,2.547916667
Peter,Jung,M,59,1,France,28/10/1980,13,9,11,10.5,11,13,0.54,3;16,61;61;61,100;100;100,2010,2019,4,2,8,1,0,0,8,20,95,59,1,,,,,,,,,,1.499583333
Max,Van Roon,M,60,1,Netherlands,02/06/1970,13,11,12,9,11,12,0.38,2;15,45;26;32,83;40;61,2010,2019,1,0,7,10,0,0,0,0,2,58,2,,,,,,,,,,2.54875
Peter,Harper,M,61,1,UnitedStates,21/12/1970,12,9.5,10,11,9.5,12,0.25,7;17,16;3;6,19;5;10,2010,2019,5,2,4,8,0,0,0,40,123,59,1,,,,,,,,,,1.355416667
Francois,Lefebvre,M,62,1,France,13/09/1980,12,11,11,12,9,13,0.36,13;20,25;16;48,35;18;96,2010,2019,2,3,6,2,0,0,2,4,15,54,3,,,,,,,,,,1.89625
Luc,Griezmann,M,63,1,France,21/04/1980,13,12,11,11,12,13,0.21,9;18,12;10;9,15;12;10,2010,2019,3,1,0,0,0,0,7,6,36,51,2,,,,,,,,,,1.082916667
Max,Gruber,M,52,2,Germany,20/08/1978,13,11,12.5,12,13,14,0.43,4;16,8;103;103,18;100;100,2010,2019,3,1,9,6,0,0,1,1,12,54,4,,,,,,,,,,3.754166667
Pierre,Matthieu,M,53,2,Belgium,01/09/1981,13,12,11,11.5,12,15,0.29,7;15,1;1;22,6;6;42,2010,2019,4,2,3,7,0,0,0,12,43,53,2,,,,,,,,,,3.515833333
Gabriele,Rossi,M,58,2,Italy,18/12/1986,8,8,10,11,11,10,0.23,2;19,58;64;59,100;100;100,2010,2019,3,5,2,9,1,0,10,22,152,59,1,,,,,,,,,,2.41875
Tom,Brown,M,55,2,UnitedStates,30/06/1967,12,9,10,9,8.5,13,0.17,8;21,25;25;25,45;45;45,2010,2019,2,0,1,8,1,0,0,32,96,57,3,,,,,,,,,,2.418333333
Marc,Boisselot,M,56,2,France,23/01/1970,12,9,10,9,9,13,0.41,8;17,12;23;20,19;40;32,2010,2019,2,2,4,9,0,0,0,0,1,56,1,,,,,,,,,,2.74125
Peter,Long,M,57,2,UK,05/10/1975,12,10,9,10,10,13,0.29,9;20,49;49;49,86;86;86,2010,2019,3,4,13,9,0,0,6,28,99,58,4,,,,,,,,,,3.056666667
Lucas,Bethune,M,54,2,France,12/07/1980,13,11,10,9,9,12,0.3,1;17,5;10;45,10;20;48,2010,2019,1,2,9,9,0,0,0,38,140,58,1,,,,,,,,,,3.244166667
Mark,Johnson,M,59,2,UK,19/09/1979,12,10,9,10,9,12,0.32,3;20,34;49;32,42;86;39,2010,2019,3,3,10,4,0,0,0,10,32,52,4,,,,,,,,,,1.62125
Lovisa,Frisk,F,60,2,Sweden,08/05/1976,12,9,10,9.85,9.65,13,0.24,4;18,9;11;13,25;31;15,2010,2019,4,0,1,0,0,0,0,0,5,53,2,,,,,,,,,,1.430416667
Rob,Watson,M,61,2,UnitedStates,19/07/1980,9,9,8,8,8,12.5,0.21,8;16,0;0;0,0;0;0,2010,2019,4,3,6,8,0,0,1,45,65,53,3,,,,,,,,,,1.069583333
Rory,Gibson,M,62,2,UK,17/03/1980,10,9.5,11,9.5,10,9.5,0.34,13;21,6;8;7,18;22;20,2010,2019,1,5,1,6,0,0,4,3,13,60,1,,,,,,,,,,2.137916667
Alex,Molina,M,63,2,Spain,11/11/1986,12,9,8,9,9,12.5,0.22,10;16,40;30;45,60;40;70,2010,2019,4,4,0,8,0,0,0,13,183,58,2,,,,,,,,,,1.480416667
Mike,Lugg,M,,,UK,03/12/1983,13.5,12.5,11.5,15,14.5,14.5,,3;20,,,,,4,1,2,5,1,0,0,57,55,56,4,,,,,,,,,,2.150416667
Gerald,Tyler,M,,,UnitedStates,01/05/1970,13,11,12,10.5,11,13.5,,7;15,,,,,3,2,5,6,0,0,0,12,21,55,6,,,,,,,,,,2.228333333
Bill,Pappas,M,,,UnitedStates,03/02/1970,13,12,11.5,12,11.5,14,,3;16,,,,,3,4,6,3,1,0,4,0,5,56,2,,,,,,,,,,1.68875
Leena,Gade,F,,,UK,07/08/1975,15,14,13,14,13.5,16,,2;19,,,,,3,1,4,8,0,0,0,33,19,52,4,,,,,,,,,,1.979583333
Andrea,Stella,M,,,Italy,14/06/1974,18.5,19,17.5,16.5,17,18,,2;10,,,,,3,2,6,1,0,0,6,46,67,55,4,,,,,,,,,,2.937916667
Rob,Smedley,M,,,UK,28/11/1973,17,17.8,17.5,18,16.5,18,,2;19,,,,,3,2,6,1,0,0,6,46,67,55,4,,,,,,,,,,2.937916667
Simon,Rennie,M,,,UK,24/02/1978,19.5,18.5,19,18.5,18.5,19,,2;18,,,,,3,2,6,1,0,0,6,46,67,55,4,,,,,,,,,,2.937916667
Mark,Slade,M,11,2,UK,19/09/1970,16.5,15,15,15,18,15,0.94,2;18,35,10,2016,2019,3,2,6,1,0,0,6,46,67,55,4,,,,,,,,,,2.937916667
Malaki,Hourdouil,M,,,UnitedStates,22/06/1985,16,12,16,11,12,16,,3;15,,,,,1,0,0,0,1,0,0,48,15,65,3,0,0,0,0,0,0,0,0,0,2.8041666667
Maxine,Solde,F,,,Sweden,14/08/1986,19,16,20,20,14,16,,10;15,,,,,3,1,10,6,0,0,4,90,50,63,3,0,0,0,0,0,0,0,0,0,3.25
Juan,López,M,,,Mexico,17/04/1989,17,16,18,13,12,11,,2;19,,,,,5,3,10,1,0,0,0,46,58,55,2,0,0,0,0,0,0,0,0,0,3.325
Adan,Calye,M,,,Sweden,11/01/1967,16,14,14,14,19,12,,7;16,,,,,4,0,11,5,0,0,4,44,50,55,2,0,0,0,0,0,0,0,0,0,2.7291666667
Alex,O'neil,M,,,UK,14/07/1960,12,12,12,19,17,12,,8;18,,,,,4,0,6,8,0,0,8,12,50,57,2,0,0,0,0,0,0,0,0,0,3.3041666667
Gianni,Benvenuti,M,,,Italy,07/12/1981,15,20,15,19,16,15,,13;16,,,,,5,2,6,11,0,0,1,17,205,52,2,0,0,0,0,0,0,0,0,0,3.0083333333
Hugo,Harrison,M,,,UK,12/04/1970,15,10,16,11,11,16,,3;18,,,,,2,0,3,4,0,0,11,53,50,56,1,0,0,0,0,0,0,0,0,0,1.2125
Harrison,Dupuy,M,,,Finland,20/12/1980,19,20,13,10,11,11,,1;16,,,,,5,1,5,10,0,0,0,62,50,54,1,0,0,0,0,0,0,0,0,0,2.4833333333
Max,Foeck,M,,,Germany,21/02/1967,17,15,18,14,15,20,,4;14,,,,,4,1,6,8,0,0,8,40,50,53,2,0,0,0,0,0,0,0,0,0,2.8625
Eve,Lopez,F,,,UK,01/10/1984,16,10,10,16,17,17,,3;16,,,,,4,0,2,8,1,0,0,50,70,52,1,0,0,0,0,0,0,0,0,0,1.1875
Mason,Fairly,M,,,UnitedStates,24/02/1983,20,14,19,14,18,15,,3;16,,,,,5,1,1,3,0,0,0,61,14,56,3,0,0,0,0,0,0,0,0,0,1.9333333333
Uday,Dhingra,M,,,India,16/05/1964,17,10,15,17,10,10,,11;21,,,,,4,2,2,7,0,1,0,20,50,60,4,0,0,0,0,0,0,0,0,0,3.0708333333
Nadim,Kapoor,M,,,India,31/07/1969,14,16,10,17,12,16,,3;18,,,,,1,3,6,11,0,0,0,45,50,62,2,0,0,0,0,0,0,0,0,0,2.2375
Alex,Jarvis,M,,,UK,07/02/1972,11,10,19,18,14,17,,12;17,,,,,2,0,10,9,0,0,7,81,50,49,2,0,0,0,0,0,0,0,0,0,1.9291666667
Mauricio,Kurtz,M,,,Spain,08/04/1988,16,19,16,16,12,17,,12;18,,,,,5,0,10,9,0,0,7,36,31,51,1,0,0,0,0,0,0,0,0,0,2.1291666667
Carlos,Guerra,M,,,Mexico,17/11/1993,18,10,13,14,20,14,,2;19,,,,,2,1,0,8,1,0,5,42,10,53,3,0,0,0,0,0,0,0,0,0,2.6166666667
Polly,Barker,F,,,UK,01/12/1975,12,19,20,16,13,16,,10;21,,,,,3,0,10,3,0,0,1,54,50,62,3,0,0,0,0,0,0,0,0,0,2.5833333333
Tushar,Patel,M,,,India,08/12/1971,13,17,13,17,11,13,,9;15,,,,,2,2,3,11,0,0,0,61,98,63,2,0,0,0,0,0,0,0,0,0,2.1708333333
Jordyn,Bourdeau,M,,,France,18/05/1986,15,17,13,14,16,17,,4;14,,,,,4,2,3,4,3,0,0,34,70,55,2,0,0,0,0,0,0,0,0,0,2.7625
Emilia,Valente,F,,,Brazil,31/10/1986,19,14,11,15,13,19,,11;14,,,,,1,3,5,7,0,0,4,65,12,53,1,0,0,0,0,0,0,0,0,0,2.8958333333
Alex,Barbosa,M,,,Portugal,23/11/1979,20,18,15,14,14,16,,2;18,,,,,5,1,2,3,0,0,4,32,314,65,3,0,0,0,0,0,0,0,0,0,3.5083333333
Hugh,Gosselin,M,,,Finland,02/09/1975,17,19,19,18,13,13,,8;16,,,,,4,0,7,1,0,0,0,75,50,65,4,0,0,0,0,0,0,0,0,0,1.3625
Hung,Zhōng,F,,,China,27/03/1973,14,17,16,15,18,20,,2;20,,,,,5,0,7,2,0,0,4,22,50,63,4,0,0,0,0,0,0,0,0,0,2.2458333333
Tom,Woodbridge,M,,,UK,18/06/1989,13,10,20,12,18,20,,1;18,,,,,3,0,8,7,1,0,0,72,10,61,3,0,0,0,0,0,0,0,0,0,2.7583333333
Oscar,Deveritt,M,,,Denmark,16/11/1990,10,13,10,18,13,14,,2;21,,,,,3,0,1,7,0,0,0,67,15,64,1,0,0,0,0,0,0,0,0,0,3.5375
Billy,Evans,M,,,UnitedStates,24/02/1983,20,10,11,12,19,12,,9;15,,,,,3,4,10,5,2,0,10,32,70,63,3,0,0,0,0,0,0,0,0,0,2.4416666667
Rachel,McAndrew,F,,,UK,16/05/1973,18,18,10,10,18,13,,10;17,,,,,4,0,1,9,0,0,5,67,50,64,2,0,0,0,0,0,0,0,0,0,1.5666666667
Jonny,Jenkinson,M,,,UK,31/07/1990,17,12,10,17,10,18,,4;17,,,,,3,0,7,6,0,0,0,20,20,62,1,0,0,0,0,0,0,0,0,0,2.0083333333
Stephanie,Kelly,F,,,UK,07/02/1972,11,18,12,14,17,10,,8;21,,,,,3,0,6,8,0,0,0,70,50,62,3,0,0,0,0,0,0,0,0,0,3.4666666667
Kenny,Harding,M,,,UK,01/10/1984,19,13,20,17,18,15,,9;20,,,,,4,0,3,8,0,0,8,90,28,52,4,0,0,0,0,0,0,0,0,0,1.9458333333
Roger,Dunbar,M,,,Ireland,24/02/1983,19,11,15,18,18,15,,1;21,,,,,5,0,3,9,0,0,11,42,196,52,2,0,0,0,0,0,0,0,0,0,1.8041666667
Freya,Coley,F,,,UK,16/05/1973,18,18,20,15,20,19,,11;21,,,,,5,0,7,6,0,0,4,23,50,54,3,0,0,0,0,0,0,0,0,0,3.5791666667
Karl,Tye,M,,,UK,31/07/1981,20,19,14,17,10,15,,10;21,,,,,3,0,11,10,3,0,3,72,49,65,3,0,0,0,0,0,0,0,0,0,1.95
Thomas,Dole,M,,,UK,07/02/1972,14,14,15,16,17,13,,8;19,,,,,4,0,11,4,0,0,1,50,168,56,2,0,0,0,0,0,0,0,0,0,2.6958333333
Fritz,König,M,,,Germany,08/04/1988,12,16,18,12,15,18,,4;20,,,,,5,1,2,8,0,0,0,64,42,54,2,0,0,0,0,0,0,0,0,0,3.2
Bette,Baumann,F,,,Germany,17/11/1973,16,12,20,20,15,10,,2;17,,,,,1,1,7,9,1,0,4,18,50,60,2,0,0,0,0,0,0,0,0,0,2.5958333333
Yasmin,Jenkins,F,,,UK,01/12/1975,17,10,12,18,12,16,,3;20,,,,,5,0,8,4,0,0,0,10,50,55,4,0,0,0,0,0,0,0,0,0,3.4166666667
Trevor,Atkinson,M,,,UK,08/12/1971,15,11,16,13,15,20,,13;16,,,,,1,0,5,9,0,0,5,83,50,55,2,0,0,0,0,0,0,0,0,0,1.8666666667
Francis,West,M,,,UnitedStates,18/05/1975,14,20,13,10,18,19,,10;20,,,,,4,2,7,11,0,0,2,37,50,55,4,0,0,0,0,0,0,0,0,0,2.8
Carrie,Hogan,F,,,UnitedStates,31/10/1986,18,13,18,18,11,14,,3;18,,,,,5,1,7,6,0,0,0,32,9,55,1,0,0,0,0,0,0,0,0,0,1.1666666667
Gabriela,Rojas,F,,,Chile,23/11/1979,16,20,15,18,19,15,,3;15,,,,,5,3,6,1,0,0,11,58,129,54,3,0,0,0,0,0,0,0,0,0,1.7333333333
Kai,Gosselin,M,,,Finland,02/09/1985,11,12,13,16,16,12,,8;16,,,,,3,0,7,1,0,0,0,10,62,54,4,0,0,0,0,0,0,0,0,0,2.4791666667
Ali,Basara,M,,,Egypt,27/03/1973,11,14,10,12,15,17,,10;16,,,,,2,4,4,5,0,0,5,21,50,54,4,0,0,0,0,0,0,0,0,0,1.7083333333
Kelly,Shaw,F,,,UK,18/06/1975,11,11,12,15,19,14,,9;18,,,,,4,0,3,9,1,0,4,73,70,54,2,0,0,0,0,0,0,0,0,0,2.45
Janet,Murphy,F,,,UnitedStates,16/11/1964,14,18,18,10,17,20,,12;18,,,,,4,1,0,1,0,0,0,36,50,57,4,0,0,0,0,0,0,0,0,0,2.2208333333
Jimmy,Hansson,M,,,UnitedStates,24/02/1983,18,11,18,10,13,16,,4;19,,,,,4,0,5,3,1,0,0,16,80,56,3,0,0,0,0,0,0,0,0,0,2.2708333333
Monica,Geller,F,,,UK,16/05/1973,20,15,20,19,10,11,,9;17,,,,,2,1,1,6,0,0,11,64,50,56,3,0,0,0,0,0,0,0,0,0,3.8541666667
Alicia,Florrick,F,,,UnitedStates,31/07/1971,16,20,11,10,12,19,,12;4,,,,,3,0,7,2,0,0,0,35,131,65,4,0,0,0,0,0,0,0,0,0,3.7166666667
Harry,Granger,M,,,UK,07/02/1972,20,12,15,18,11,12,,4;21,,,,,3,1,2,6,0,0,0,55,50,56,4,0,0,0,0,0,0,0,0,0,3.9458333333
Ulla,Jenson,F,,,UnitedStates,13/01/1986,13,18,18,20,11,17,,10;15,,,,,2,0,5,7,0,0,0,85,47,56,3,0,0,0,0,0,0,0,0,0,3.5041666667
Toby,McGaia,M,,,UK,23/02/1989,20,15,18,20,10,20,,9;15,,,,,2,1,4,3,0,0,3,17,56,56,1,0,0,0,0,0,0,0,0,0,2.5291666667
Richard,Gallagher,M,,,UnitedStates,12/12/1972,20,19,19,18,10,13,,8;20,,,,,4,0,7,9,0,0,0,66,56,55,4,0,0,0,0,0,0,0,0,0,3.6625
Pete,Coleby,M,,,UnitedStates,14/09/1980,13,20,12,17,18,16,,4;15,,,,,3,1,7,2,1,1,4,24,38,54,4,0,0,0,0,0,0,0,0,0,2.225
Robert,Morris,M,,,UK,20/12/1985,14,16,16,18,12,17,,8;19,,,,,4,0,2,4,0,0,0,54,140,54,2,0,0,0,0,0,0,0,0,0,1.9708333333
Isabel,Bishop,F,,,Ireland,07/11/1990,13,10,19,18,18,20,,10;21,,,,,5,1,10,4,0,0,0,86,37,53,2,0,0,0,0,0,0,0,0,0,3.2375
Ellen,McBride,F,,,UK,06/04/1992,20,17,10,17,19,15,,1;21,,,,,2,1,6,5,0,1,0,54,35,56,2,0,0,0,0,0,0,0,0,0,2.3083333333
Wanda,Adams,F,,,UnitedStates,21/03/1978,14,12,17,13,13,15,,2;18,,,,,5,0,8,7,0,0,0,28,21,65,1,0,0,0,0,0,0,0,0,0,3.2541666667
Nico,Appelbaum,M,,,Germany,19/02/1990,10,20,11,10,18,14,,9;21,,,,,1,1,5,8,0,0,2,11,446,56,3,0,0,0,0,0,0,0,0,0,2.6125
Alessandro,Mavros,M,,,Greece,23/01/1984,12,12,13,15,17,14,,10;21,,,,,1,3,2,6,1,0,0,55,377,65,1,0,0,0,0,0,0,0,0,0,1.8625
Christian,Urgestein,M,,,Germany,02/07/1993,11,11,19,19,17,12,,4;16,,,,,4,2,13,6,0,0,4,57,51,55,2,0,0,0,0,0,0,0,0,0,2.5166666667
Chen,Chang,F,,,China,22/01/1973,13,15,14,13,12,14,,8;19,,,,,2,1,2,7,1,0,0,22,70,50,4,0,0,0,0,0,0,0,0,0,2.1916666667
Chepe,Chavez,M,,,Cuba,01/06/1968,15,19,18,20,15,20,,9;17,,,,,3,4,1,8,1,0,4,69,84,60,1,0,0,0,0,0,0,0,0,0,2.4583333333
Aidan,Graveson,M,,,UK,20/11/1990,12,16,17,10,11,19,,8;19,,,,,3,1,9,7,0,0,0,74,149,50,3,0,0,0,0,0,0,0,0,0,2.2041666667
Noel,Stephens,M,,,UK,07/05/1989,12,18,19,19,19,10,,19;4,,,,,1,5,7,7,0,0,10,14,24,52,3,0,0,0,0,0,0,0,0,0,2.45
Jacob,Denton,M,,,UnitedStates,17/03/1990,16,20,19,13,14,15,,1;15,,,,,5,5,5,8,3,0,0,37,6,51,2,0,0,0,0,0,0,0,0,0,1.9625
Garry,White,M,,,UK,20/01/1992,19,11,10,15,10,10,,1;18,,,,,5,5,6,8,0,0,7,36,66,58,2,0,0,0,0,0,0,0,0,0,2.3291666667
Will,Stephens,M,,,UnitedStates,11/09/1992,14,18,17,11,14,14,,9;17,,,,,2,5,10,6,1,0,7,10,65,58,2,0,0,0,0,0,0,0,0,0,2
Nicole,Delapierre,F,,,Malta,20/08/1992,13,13,19,15,11,16,,8;21,,,,,3,2,6,8,0,0,7,35,43,66,2,0,0,0,0,0,0,0,0,0,2.35
Matt,Brady,M,,,UK,20/08/1992,16,15,13,13,13,18,,4;20,,,,,1,1,9,8,0,0,11,39,112,55,2,0,0,0,0,0,0,0,0,0,2.95
Gary,Watson,M,,,UK,20/08/1988,11,10,13,10,17,16,,12;21,,,,,5,1,6,1,0,0,1,76,85,55,2,0,0,0,0,0,0,0,0,0,2.575
Astrid,Öberg,F,,,Sweden,20/08/1991,13,13,12,19,15,12,,7;21,,,,,3,0,3,2,0,0,0,50,28,50,2,0,0,0,0,0,0,0,0,0,1.8875
Danny,Cox,M,,,UnitedStates,20/08/1986,15,13,13,12,14,14,,12;15,,,,,3,2,2,5,1,0,0,73,320,55,2,0,0,0,0,0,0,0,0,0,1.225
Amelia,Vroom,F,,,Netherlands,20/08/1989,19,14,14,10,17,12,,4;15,,,,,2,1,2,8,1,0,0,26,34,50,2,0,0,0,0,0,0,0,0,0,3.95
Matías,Campos,M,,,Spain,21/08/1999,19,20,15,15,11,16,,8;16,,,,,3,0,3,8,0,0,3,13,33,55,2,0,0,0,0,0,0,0,0,0,2.3708333333
Waldmeier,Bur,M,,,Switzerland,17/4/1962,19,10,20,10,12,17,,1;19,,,,,4,3,3,6,0,0,0,88,68,56,4,0,0,0,0,0,0,0,0,0,3.3583333333
Edward,Dale,M,,,UnitedStates,27/12/1967,17,10,17,20,16,13,,3;20,,,,,4,1,8,9,0,0,0,52,49,52,5,0,0,0,0,0,0,0,0,0,2.1375
Kang,Yun,M,,,China,28/8/1972,10,16,19,20,19,16,,4;21,,,,,3,2,10,7,0,0,9,71,38,59,2,0,0,0,0,0,0,0,0,0,2.5916666667
Megan,Tran,F,,,UnitedStates,12/9/1970,17,12,14,11,11,19,,10;15,,,,,4,1,5,9,0,0,0,50,63,57,4,0,0,0,0,0,0,0,0,0,2.6208333333
Howard,Barnes,M,,,UK,13/9/1983,15,15,18,17,17,15,,11;18,,,,,4,0,0,9,0,0,0,61,42,53,5,0,0,0,0,0,0,0,0,0,2.3666666667
Sheldon,Langley,M,,,UK,6/12/1973,12,16,15,12,20,11,,3;19,,,,,5,0,7,2,0,0,0,28,65,52,2,0,0,0,0,0,0,0,0,0,2.275
Tomas,Rolstad,M,,,Norway,22/9/1963,13,20,14,19,19,16,,7;16,,,,,4,0,7,2,0,0,4,26,47,55,4,0,0,0,0,0,0,0,0,0,2.6083333333
Kouumoto,Tadako,F,,,Japan,25/3/1982,15,13,15,20,14,20,,2;20,,,,,2,1,3,9,1,0,8,37,51,57,2,0,0,0,0,0,0,0,0,0,2.8291666667
Verle,Wetering,F,,,Netherlands,12/2/1990,14,19,17,14,12,10,,7;19,,,,,2,0,8,5,1,0,0,37,67,53,4,0,0,0,0,0,0,0,0,0,3.3208333333
Jake,Marks,M,,,UK,6/12/1970,19,15,11,18,12,18,,8;18,,,,,4,1,1,6,2,0,0,21,48,56,3,0,0,0,0,0,0,0,0,0,3.05
Robert,Grove,M,,,UnitedStates,28/6/1974,15,15,10,17,16,14,,2;21,,,,,5,1,10,0,0,0,9,57,57,57,4,0,0,0,0,0,0,0,0,0,2.0708333333
Travis,Sharp,M,,,Canada,3/8/1977,14,12,16,11,19,20,,3;21,,,,,3,0,11,9,0,0,4,87,55,50,4,0,0,0,0,0,0,0,0,0,3.1458333333
Fernando,Sapateiro,M,,,Brazil,1/11/1978,18,18,18,10,14,10,,12;15,,,,,2,1,4,9,0,0,5,74,74,56,1,0,0,0,0,0,0,0,0,0,2.7916666667
Will,Bennett,M,,,UK,29/9/1986,16,19,20,13,15,16,,4;20,,,,,5,0,1,6,0,0,0,43,53,60,4,0,0,0,0,0,0,0,0,0,3.1791666667
Alfie,Hodges,M,,,UK,21/6/1973,17,16,18,13,19,10,,2;21,,,,,2,0,9,4,0,0,0,40,47,51,5,0,0,0,0,0,0,0,0,0,2.6541666667
Carl,Marks,M,,,UK,30/10/1963,10,14,14,15,13,20,,1;21,,,,,4,0,1,7,0,0,0,81,31,60,2,0,0,0,0,0,0,0,0,0,3.1
Aleena,Watkins,F,,,UK,21/2/1982,15,13,15,19,14,15,,1;19,,,,,3,0,9,1,0,0,0,55,76,51,5,0,0,0,0,0,0,0,0,0,4.0916666667
Travis,Campbell,M,,,UK,25/3/1968,12,19,13,13,17,17,,8;17,,,,,4,0,3,10,0,0,7,39,66,56,4,0,0,0,0,0,0,0,0,0,3.0583333333
Sylvie,Lalande,F,,,France,13/12/1985,13,12,15,15,13,18,,9;15,,,,,5,3,1,8,0,0,0,11,79,58,5,0,0,0,0,0,0,0,0,0,2.1958333333
Peng,Zhong,M,,,China,6/12/1972,17,11,14,12,18,14,,9;20,,,,,5,1,10,6,0,0,1,31,24,51,3,0,0,0,0,0,0,0,0,0,2.8583333333
Pensria,Chadee,F,,,Thailand,12/3/1977,14,14,13,15,14,12,,2;14,,,,,2,0,6,6,1,0,8,90,70,53,3,0,0,0,0,0,0,0,0,0,2.7458333333
Raymond,Chapuis,M,,,France,20/4/1965,13,19,14,14,14,10,,2;14,,,,,4,3,4,9,0,0,8,10,60,57,1,0,0,0,0,0,0,0,0,0,1.85
Hermina,Karlisson,F,,,Iceland,5/4/1983,15,15,12,16,17,20,,10;20,,,,,2,0,1,1,0,0,7,87,26,51,5,0,0,0,0,0,0,0,0,0,1.9083333333
Silvia,Monda,F,,,Italy,24/11/1988,17,17,13,12,19,13,,10;21,,,,,3,1,6,9,0,0,5,86,27,59,5,0,0,0,0,0,0,0,0,0,1.7166666667
Zhivka,Dinev,F,,,Bulgaria,25/10/1963,12,11,16,10,15,18,,2;14,,,,,4,0,11,5,0,0,7,13,26,56,4,0,0,0,0,0,0,0,0,0,2.3416666667
Adriana,Gouveia,F,,,Brazil,18/3/1974,18,14,13,13,10,16,,1;15,,,,,2,5,2,9,0,0,0,19,29,50,3,0,0,0,0,0,0,0,0,0,3.15
Michael,Wiliams,M,,,UnitedStates,26/8/1978,16,12,15,10,12,11,,13;21,,,,,5,0,0,2,0,0,0,63,45,54,4,0,0,0,0,0,0,0,0,0,2.8916666667
Jannik,Riederer,M,,,Germany,19/5/1972,16,17,18,16,20,15,,9;19,,,,,2,1,6,9,2,0,5,31,34,57,4,0,0,0,0,0,0,0,0,0,2.2625
Uralets,Yermolayevich,M,,,RussianFederation,22/7/1979,11,17,11,19,17,20,,13;14,,,,,4,2,5,4,2,0,0,81,36,52,4,0,0,0,0,0,0,0,0,0,2.4708333333
Kadnikova,Andreevich,F,,,RussianFederation,22/4/1977,12,12,17,17,13,16,,4;14,,,,,5,2,8,6,0,0,0,52,71,53,3,0,0,0,0,0,0,0,0,0,2.8958333333
Yermilova,Rodionovich,F,,,RussianFederation,23/10/1977,12,17,10,20,16,19,,2;14,,,,,3,0,11,4,0,0,0,70,53,50,2,0,0,0,0,0,0,0,0,0,4.0375
Kensley,Hines,F,,,Ireland,13/9/1978,15,19,19,18,14,20,,11;20,,,,,5,2,0,5,0,0,9,38,20,53,5,0,0,0,0,0,0,0,0,0,3.8333333333
Wanja,Brahm,F,,,Austria,14/8/1990,16,15,12,13,10,16,,4;16,,,,,4,0,2,7,0,0,0,89,43,51,2,0,0,0,0,0,0,0,0,0,2.6625
Abril,Malena,F,,,Spain,17/7/1960,11,13,16,11,19,14,,2;19,,,,,2,3,7,9,1,0,3,20,53,50,1,0,0,0,0,0,0,0,0,0,2.0541666667
Priscilla,Sabbia,F,,,Italy,27/6/1975,20,16,13,15,11,14,,9;16,,,,,2,3,1,9,0,0,6,32,36,51,5,0,0,0,0,0,0,0,0,0,2.6416666667
Constanza,Puig,F,,,Spain,3/9/1966,17,18,10,10,19,17,,1;18,,,,,2,2,8,4,0,0,0,36,66,58,5,0,0,0,0,0,0,0,0,0,1.475
Clara,Girolami,F,,,Italy,12/8/1963,15,18,20,14,17,12,,2;21,,,,,3,1,6,6,0,0,0,14,25,52,5,0,0,0,0,0,0,0,0,0,2.8916666667
Sofia,Marinelli,F,,,Italy,19/6/1974,10,20,14,20,17,15,,12;18,,,,,5,2,7,3,0,0,4,74,73,57,4,0,0,0,0,0,0,0,0,0,3.0291666667
Leonardo,Badamo,M,,,Italy,23/10/1986,16,14,18,19,12,18,,7;14,,,,,2,1,7,0,0,0,9,88,60,55,4,0,0,0,0,0,0,0,0,0,2.7125
Siniša,Margetic,M,,,Croatia,5/11/1960,17,10,15,10,17,15,,12;19,,,,,2,1,11,6,1,0,0,17,32,59,2,0,0,0,0,0,0,0,0,0,2.2083333333
George,Smith,M,,,UnitedStates,3/11/1976,17,14,15,12,18,11,,13;20,,,,,2,2,1,8,0,0,0,18,47,53,5,0,0,0,0,0,0,0,0,0,2.8916666667
Winston,Horn,M,,,UK,15/5/1962,14,15,15,16,19,15,,13;16,,,,,2,4,10,9,0,0,0,43,59,52,5,0,0,0,0,0,0,0,0,0,1.8666666667
Sandra,Quist,F,,,Sweden,29/4/1983,16,20,11,14,14,14,,4;21,,,,,5,1,8,2,0,0,0,19,39,51,5,0,0,0,0,0,0,0,0,0,1.8791666667
Pietro,Ponzio,M,,,Italy,24/10/1990,13,14,10,10,13,10,,1;18,,,,,3,2,8,6,0,0,4,12,34,53,3,0,0,0,0,0,0,0,0,0,1.9958333333
Valentino,Spagna,M,,,Italy,12/4/1971,17,16,10,17,14,16,,2;18,,,,,4,1,1,4,0,0,8,71,30,52,4,0,0,0,0,0,0,0,0,0,3.9708333333
Alexander,Turner,M,,,UK,19/2/1983,19,16,17,18,18,17,,2;14,,,,,5,4,1,9,2,0,0,42,70,60,1,0,0,0,0,0,0,0,0,0,2.4166666667
Mercedes,Abellán,F,,,Spain,4/10/1979,16,17,11,19,16,14,,1;15,,,,,5,3,9,9,0,0,0,25,46,53,4,0,0,0,0,0,0,0,0,0,2.4875
Sami,Ulala,M,,,Finland,28/3/1964,13,10,12,17,20,17,,12;14,,,,,5,0,9,2,2,0,0,89,58,56,1,0,0,0,0,0,0,0,0,0,2.2583333333
Enzo,Alméras,M,,,France,6/7/1967,20,20,14,10,19,11,,13;18,,,,,4,4,8,9,1,0,0,40,47,57,1,0,0,0,0,0,0,0,0,0,2.675
Irina,Fidalgo,F,,,Portugal,1/7/1969,20,19,13,17,20,10,,12;20,,,,,4,2,9,6,0,0,8,40,31,52,5,0,0,0,0,0,0,0,0,0,3.4125
Isac,Queiroz,M,,,Brazil,5/4/1986,14,20,20,19,13,17,,13;18,,,,,3,1,4,5,0,0,5,23,39,58,2,0,0,0,0,0,0,0,0,0,4.3958333333
Eduardo,Barbosa,M,,,Portugal,10/2/1977,12,15,11,19,18,11,,10;18,,,,,3,4,5,9,0,0,0,18,38,57,2,0,0,0,0,0,0,0,0,0,2.4875
Wu,Yazhu,F,,,China,22/5/1990,13,14,13,18,16,10,,11;21,,,,,5,1,5,9,0,0,0,57,60,53,4,0,0,0,0,0,0,0,0,0,2.8791666667
Sun,Xiuying,F,,,China,30/7/1975,18,18,17,16,20,19,,12;19,,,,,4,0,11,8,0,0,9,19,31,59,5,0,0,0,0,0,0,0,0,0,2.3333333333
Eloise,Collier,F,,,NewZealand,25/5/1963,10,11,12,11,16,19,,9;17,,,,,2,0,9,11,0,0,0,18,30,55,5,0,0,0,0,0,0,0,0,0,2.1041666667
Lucas,Watson,M,,,Australia,10/4/1979,15,15,16,15,10,20,,2;17,,,,,2,3,0,8,1,0,0,70,51,50,1,0,0,0,0,0,0,0,0,0,0.9583333333
Stanley,Hudson,M,,,UnitedStates,10/1/1967,15,17,10,20,19,20,,9;19,,,,,4,1,0,10,0,0,0,85,57,57,1,0,0,0,0,0,0,0,0,0,3.5333333333
Stanley,Carson,M,,,UnitedStates,14/7/1962,19,14,13,13,14,11,,8;20,,,,,2,4,5,9,0,0,2,36,26,55,5,0,0,0,0,0,0,0,0,0,3.2958333333
Beatriz,Andrade,F,,,Brazil,30/11/1987,15,11,15,10,12,11,,2;19,,,,,5,3,6,6,0,0,4,82,68,58,1,0,0,0,0,0,0,0,0,0,2.1291666667
Ray,Bell,M,,,UK,1/8/1981,13,15,17,13,10,17,,3;14,,,,,5,3,10,7,2,0,2,43,76,58,4,0,0,0,0,0,0,0,0,0,3.4666666667
Berndt,Krebs,M,,,Germany,6/3/1966,8,15,13,10,12,11,,3;16,,,,,3,0,2,2,0,0,0,18,64,56,4,0,0,0,0,0,0,0,0,0,3.1083333333
Georgette,Lozé,F,,,France,6/8/1982,15,3,13,13,17,0,,1;19,,,,,5,4,2,9,0,0,3,64,46,55,5,0,0,0,0,0,0,0,0,0,2.7916666667
Vicente,Collazo,M,,,Spain,28/2/1961,10,11,3,15,2,13,,4;16,,,,,5,3,0,9,0,0,0,24,44,56,4,0,0,0,0,0,0,0,0,0,2.4625
Charlotte,Dickson,F,,,UK,1/2/1965,4,16,6,15,2,4,,2;18,,,,,3,4,5,9,0,0,6,77,74,59,5,0,0,0,0,0,0,0,0,0,2.2291666667
Sivert,Eggebraaten,M,,,Norway,25/11/1979,17,10,16,15,20,17,,8;15,,,,,2,1,3,1,1,0,4,44,60,55,4,0,0,0,0,0,0,0,0,0,3.2875
Oscar,Coffey,M,,,Australia,21/5/1981,4,7,4,0,18,15,,8;14,,,,,3,1,7,9,0,0,4,31,59,53,2,0,0,0,0,0,0,0,0,0,2.4708333333
Patricija,Krznaric,F,,,Croatia,11/1/1963,2,11,6,18,20,20,,12;19,,,,,3,1,9,4,0,0,3,19,24,57,1,0,0,0,0,0,0,0,0,0,1.8875
Kelly,Wong,F,,,UK,9/7/1982,17,2,0,17,0,18,,10;15,,,,,4,4,2,9,0,0,10,67,49,52,5,0,0,0,0,0,0,0,0,0,3.0666666667
Benjamin,Vasconcelos,M,,,Brazil,17/8/1988,8,10,10,1,7,1,,1;14,,,,,4,3,9,9,0,0,10,62,57,57,1,0,0,0,0,0,0,0,0,0,2.6625
Lindert,Kasper,M,,,Netherlands,4/7/1984,8,1,13,14,10,8,,8;17,,,,,3,1,4,1,0,0,3,28,33,54,5,0,0,0,0,0,0,0,0,0,3.625
Roch,Daucourt,M,,,France,27/1/1985,19,2,19,9,7,19,,4;18,,,,,2,1,5,8,0,0,3,13,70,51,4,0,0,0,0,0,0,0,0,0,2.4
Gonzalo,Alcocer,M,,,Spain,19/1/1986,8,6,18,2,6,19,,12;18,,,,,4,2,9,1,0,0,0,72,39,55,4,0,0,0,0,0,0,0,0,0,2.6833333333
Tang,Yun,M,,,China,16/5/1977,11,15,0,12,0,15,,2;17,,,,,5,1,10,7,0,0,4,16,74,60,4,0,0,0,0,0,0,0,0,0,1.6583333333
Elaide,Talamo,F,,,Italy,28/8/1988,6,8,14,1,10,12,,9;20,,,,,2,2,5,1,0,0,0,49,28,50,5,0,0,0,0,0,0,0,0,0,2.4833333333
Aukusti,Pekkanen,M,,,Finland,19/4/1967,1,1,12,9,0,7,,10;16,,,,,5,1,5,3,0,0,3,18,34,53,5,0,0,0,0,0,0,0,0,0,2.0291666667
Viktor,Reichwein,M,,,Germany,29/6/1980,12,18,3,18,11,1,,10;17,,,,,2,1,5,5,2,0,9,31,79,50,5,0,0,0,0,0,0,0,0,0,2.95
Hino,Ayao,F,,,Japan,4/6/1984,1,19,9,18,9,16,,10;17,,,,,4,1,7,7,0,0,1,71,22,58,3,0,0,0,0,0,0,0,0,0,2.95
Emilio,Alcocer,M,,,Spain,7/6/1963,14,0,15,9,8,7,,9;19,,,,,4,3,8,7,0,0,7,70,68,54,3,0,0,0,0,0,0,0,0,0,2.1708333333
Luísa,Pacheco,F,,,Brazil,30/10/1962,5,19,4,10,8,0,,11;17,,,,,3,2,11,10,0,0,0,72,50,53,5,0,0,0,0,0,0,0,0,0,3.1041666667
Alessandro,Canali,M,,,Italy,1/12/1964,9,5,17,17,11,9,,3;17,,,,,4,1,2,11,0,0,0,75,36,50,1,0,0,0,0,0,0,0,0,0,1.9666666667
Lisandro,Machado,M,,,Portugal,3/7/1964,15,7,8,9,10,5,,1;18,,,,,5,3,5,8,0,0,0,81,54,55,1,0,0,0,0,0,0,0,0,0,1.4416666667
Serafín,Arnal,M,,,Spain,3/12/1980,8,2,8,7,4,20,,1;20,,,,,5,2,9,7,0,0,0,10,73,55,1,0,0,0,0,0,0,0,0,0,2.225
Lucia,Scaccia,F,,,Italy,6/12/1961,13,17,3,17,19,11,,12;14,,,,,2,1,4,1,0,0,0,11,54,52,5,0,0,0,0,0,0,0,0,0,2.3083333333
Mario,Bernacchi,M,,,Italy,24/7/1963,11,12,1,15,3,9,,11;19,,,,,2,3,0,6,0,0,0,33,40,59,1,0,0,0,0,0,0,0,0,0,2.7333333333
Erika,Toivonen,F,,,Finland,27/10/1989,14,1,11,7,3,14,,8;19,,,,,5,2,2,6,0,0,0,43,77,60,4,0,0,0,0,0,0,0,0,0,1.625
Florence,DePauw,F,,,Belgium,13/11/1983,8,0,12,13,14,13,,4;15,,,,,5,0,1,4,0,0,0,46,78,55,3,0,0,0,0,0,0,0,0,0,2.5
Willy,Stricker,M,,,Germany,10/7/1970,17,0,8,19,5,10,,10;17,,,,,3,1,4,9,0,0,5,13,61,60,2,0,0,0,0,0,0,0,0,0,1.3833333333
Lilian,Lagerfeld,F,,,Sweden,20/10/1971,19,8,0,14,0,18,,3;17,,,,,3,0,6,9,0,0,10,16,77,58,5,0,0,0,0,0,0,0,0,0,2.5916666667
Thomas,Anthes,M,,,Greece,5/11/1989,18,17,6,20,20,3,,10;21,,,,,2,2,8,0,0,0,9,61,46,58,3,0,0,0,0,0,0,0,0,0,2.2416666667
Elsha,Schaab,F,,,Germany,1/6/1963,16,10,10,9,4,18,,2;20,,,,,4,2,0,2,0,0,6,67,39,53,2,0,0,0,0,0,0,0,0,0,2.7208333333
Randy,Marks,M,,,Australia,24/6/1962,5,14,15,11,3,5,,11;15,,,,,4,1,9,2,0,0,4,73,35,56,2,0,0,0,0,0,0,0,0,0,3.2166666667
Arthur,Laframboise,M,,,France,8/12/1965,14,17,11,17,9,18,,8;21,,,,,4,2,0,9,0,0,7,29,55,59,2,0,0,0,0,0,0,0,0,0,2.225
Agathe,Leclère,F,,,France,24/5/1982,11,10,2,20,4,5,,2;20,,,,,2,2,6,0,0,0,0,79,55,54,3,0,0,0,0,0,0,0,0,0,1.7375
Cameron,Medina,M,,,UK,15/5/1990,2,15,14,5,7,9,,1;21,,,,,3,2,10,1,1,0,0,33,26,54,2,0,0,0,0,0,0,0,0,0,2.1666666667
Alex,Thomson,F,,,NewZealand,26/4/1981,18,0,6,20,11,0,,7;17,,,,,3,2,0,3,0,0,6,58,26,52,5,0,0,0,0,0,0,0,0,0,3.4333333333
Paola,Sunseri,F,,,Italy,17/10/1982,17,14,7,17,11,3,,13;21,,,,,4,1,10,6,0,0,0,34,52,54,4,0,0,0,0,0,0,0,0,0,2.6791666667
Huug,Koestal,M,,,Netherlands,6/2/1965,0,18,15,7,7,12,,12;18,,,,,5,5,5,9,0,0,2,53,75,59,5,0,0,0,0,0,0,0,0,0,3.5541666667
Siana,Dumeni,F,,,Switzerland,26/9/1988,5,12,18,9,14,19,,1;15,,,,,5,1,10,5,0,0,2,74,20,58,2,0,0,0,0,0,0,0,0,0,2.7958333333
Joren,Schalenborgh,M,,,Belgium,2/5/1964,9,12,9,15,17,11,,10;16,,,,,3,5,9,9,1,0,4,72,69,58,2,0,0,0,0,0,0,0,0,0,2.3125
Diederick,Pifers,M,,,Netherlands,19/4/1967,16,12,16,6,4,10,,11;16,,,,,4,0,2,11,0,0,10,38,61,54,5,0,0,0,0,0,0,0,0,0,2.0958333333
Robert,Doyle,M,,,Australia,26/3/1974,17,4,8,10,12,3,,3;16,,,,,4,1,5,3,0,0,1,16,47,53,5,0,0,0,0,0,0,0,0,0,3.0583333333
Siniša,Mesic,M,,,Croatia,27/12/1977,13,13,14,15,1,11,,8;16,,,,,4,0,7,3,2,0,10,41,23,51,4,0,0,0,0,0,0,0,0,0,2.1875
Hou,Xun,M,,,China,13/9/1975,7,10,17,6,6,2,,9;16,,,,,3,0,11,6,0,0,0,50,40,58,4,0,0,0,0,0,0,0,0,0,2.3166666667
Guseva,Valentinovich,F,,,RussianFederation,22/8/1971,6,18,12,0,12,0,,1;16,,,,,2,1,0,4,1,0,0,36,34,59,1,0,0,0,0,0,0,0,0,0,2.55
Anna,Chambers,F,,,UK,17/10/1969,19,8,18,16,19,15,,2;15,,,,,4,4,7,9,1,0,6,60,35,55,5,0,0,0,0,0,0,0,0,0,3.9375
Leslie,Rowe,F,,,UK,11/7/1980,5,19,17,15,19,17,,1;20,,,,,5,5,3,9,0,0,0,60,25,55,5,0,0,0,0,0,0,0,0,0,2.6416666667
Isaïe,Bureau,M,,,France,26/6/1962,2,17,5,1,2,16,,1;20,,,,,5,5,7,9,0,0,0,34,40,52,1,0,0,0,0,0,0,0,0,0,2.075
Logan,Dyer,M,,,UK,25/12/1978,6,17,14,0,10,0,,4;15,,,,,2,2,11,5,0,0,0,21,55,57,4,0,0,0,0,0,0,0,0,0,3.4166666667
Elio,Nappo,M,,,Italy,15/2/1966,17,14,0,14,19,12,,9;14,,,,,2,3,8,6,0,0,7,43,26,51,5,0,0,0,0,0,0,0,0,0,2.6958333333
Linneke,Mirre,F,,,Netherlands,22/8/1965,19,1,9,15,16,19,,7;15,,,,,5,0,1,4,0,0,5,10,75,52,5,0,0,0,0,0,0,0,0,0,1.9416666667
Lambert,Seyrès,M,,,France,18/4/1968,0,11,3,8,4,19,,8;17,,,,,4,4,10,9,0,0,3,88,33,60,3,0,0,0,0,0,0,0,0,0,3.3791666667
Ximena,Graciela,F,,,Spain,20/8/1981,6,7,3,1,8,20,,2;16,,,,,2,2,3,0,0,0,0,74,37,53,3,0,0,0,0,0,0,0,0,0,2.7083333333
Ye,Yijun,M,,,China,17/7/1989,0,0,14,1,8,10,,10;18,,,,,3,1,9,7,2,0,0,50,50,59,2,0,0,0,0,0,0,0,0,0,2.4541666667
Laurin,Stahnke,M,,,Germany,27/3/1960,3,10,13,12,2,18,,12;21,,,,,3,1,4,3,0,0,0,87,80,57,1,0,0,0,0,0,0,0,0,0,3.7958333333
Alex,Hutchinson,M,,,UK,13/12/1990,10,9,7,10,4,12,,3;15,,,,,4,0,6,4,0,0,0,68,78,55,1,0,0,0,0,0,0,0,0,0,2.3125
Jade,Dickerson,F,,,UK,27/7/1990,10,6,16,19,4,2,,12;14,,,,,4,5,5,9,0,0,0,10,52,54,4,0,0,0,0,0,0,0,0,0,2.3208333333
Yvette,Jauffret,F,,,France,12/11/1988,3,7,10,17,19,19,,9;16,,,,,4,0,5,7,0,0,2,13,77,59,5,0,0,0,0,0,0,0,0,0,2.7625
Heidi,Cole,F,,,UnitedStates,7/7/1960,13,13,12,10,18,13,,13;20,,,,,5,0,10,11,2,0,5,24,20,51,4,0,0,0,0,0,0,0,0,0,1.225
Rainer,Görlitz,M,,,Germany,29/6/1968,1,2,10,3,2,20,,8;20,,,,,3,0,6,2,0,0,8,46,45,60,2,0,0,0,0,0,0,0,0,0,1.35
Fia,Lindgren,F,,,Sweden,4/12/1968,15,5,0,16,1,5,,11;16,,,,,3,2,7,11,0,0,6,53,58,51,3,0,0,0,0,0,0,0,0,0,2.2458333333
Jay,Dale,M,,,UnitedStates,23/1/1990,10,18,6,17,9,11,,12;15,,,,,3,2,2,1,0,0,0,81,74,58,3,0,0,0,0,0,0,0,0,0,2.5916666667
Frederik,Thrane,M,,,Denmark,8/4/1968,15,12,9,15,12,4,,2;20,,,,,3,2,9,5,2,0,0,58,63,51,1,0,0,0,0,0,0,0,0,0,1.4416666667
Henrique,Couto,M,,,Brazil,3/11/1975,16,14,16,5,10,9,,1;20,,,,,4,4,7,9,0,0,0,75,24,56,5,0,0,0,0,0,0,0,0,0,1.2416666667
Natalija,Rogic,F,,,Croatia,15/6/1963,7,12,12,4,14,7,,13;15,,,,,5,2,11,6,0,0,0,80,74,54,1,0,0,0,0,0,0,0,0,0,1.9791666667
Zhou,Bai,F,,,China,2/3/1969,6,3,7,0,5,15,,1;16,,,,,4,1,1,7,0,0,7,87,56,59,3,0,0,0,0,0,0,0,0,0,2.5041666667
Yamanishi,Masu,F,,,Japan,7/6/1990,12,5,16,12,17,15,,10;20,,,,,2,0,2,6,0,0,0,48,50,60,2,0,0,0,0,0,0,0,0,0,3.225
Martha,Gunthersson,F,,,UK,26/4/1962,10,11,17,15,19,3,,1;19,,,,,3,5,4,9,2,0,7,22,50,58,1,0,0,0,0,0,0,0,0,0,2.7958333333
Ewan,Grimes,M,,,UK,8/4/1968,2,9,11,18,4,8,,8;15,,,,,2,2,2,11,2,0,0,24,42,59,2,0,0,0,0,0,0,0,0,0,3.2
Koreneva,Vladimirovich,F,,,RussianFederation,22/8/1985,5,3,19,1,15,9,,3;19,,,,,5,1,3,3,0,0,10,16,59,52,5,0,0,0,0,0,0,0,0,0,3.6416666667
Koreneva,Maximovich,F,,,RussianFederation,16/10/1973,4,14,17,19,18,10,,12;14,,,,,5,2,1,4,2,0,0,72,32,60,5,0,0,0,0,0,0,0,0,0,2.4958333333
Alex,Goodwin,M,,,UK,7/4/1961,16,14,1,10,17,7,,13;20,,,,,5,2,11,0,0,0,10,64,60,60,1,0,0,0,0,0,0,0,0,0,3.0416666667
Nayden,Mladenov,M,,,Bulgaria,6/10/1972,5,0,0,8,19,14,,2;17,,,,,3,2,4,0,0,0,9,26,58,52,5,0,0,0,0,0,0,0,0,0,2.9583333333
Ueyonabaru,Kobo,F,,,Japan,15/12/1977,14,8,13,7,11,1,,2;14,,,,,2,1,11,7,0,0,0,81,28,57,5,0,0,0,0,0,0,0,0,0,2.8458333333
Lia,Pinho,F,,,Portugal,22/8/1967,14,15,2,12,19,13,,2;18,,,,,3,3,3,6,0,0,0,16,52,56,1,0,0,0,0,0,0,0,0,0,2.5541666667
Alan,Hill,M,,,UK,1/9/1980,18,7,0,2,12,18,,12;20,,,,,3,4,8,9,0,0,0,34,24,56,1,0,0,0,0,0,0,0,0,0,2.2791666667
Marilena,Frisella,F,,,Italy,17/12/1973,11,16,7,1,9,15,,8;16,,,,,5,2,11,5,0,0,0,87,52,52,4,0,0,0,0,0,0,0,0,0,2.575
Livio,Colavita,M,,,Italy,22/12/1966,14,18,17,2,14,12,,1;20,,,,,4,1,1,4,2,0,5,23,54,60,1,0,0,0,0,0,0,0,0,0,2.3375
Isa,Frate,F,,,Italy,22/8/1971,19,9,12,2,5,11,,2;14,,,,,2,2,7,6,0,0,0,51,59,55,4,0,0,0,0,0,0,0,0,0,2.9541666667
Ustimovich,Yermolayevich,M,,,RussianFederation,6/1/1975,17,15,16,9,16,7,,12;19,,,,,4,1,9,0,2,0,0,68,61,51,4,0,0,0,0,0,0,0,0,0,2.0833333333
Gabriel,Sheppard,M,,,NewZealand,2/5/1984,7,2,14,16,18,1,,13;14,,,,,2,3,1,7,0,0,0,80,23,53,4,0,0,0,0,0,0,0,0,0,1.9458333333
Kiley,Murdock,F,,,UnitedStates,14/3/1964,15,2,2,7,9,9,,7;19,,,,,4,5,11,9,0,0,9,25,25,51,5,0,0,0,0,0,0,0,0,0,2.3625
Priscilla,Thomson,F,,,UK,25/11/1969,11,7,11,8,20,4,,11;18,,,,,2,5,0,9,0,0,0,36,60,55,5,0,0,0,0,0,0,0,0,0,2.0541666667
Nora,Manzanares,F,,,Spain,3/8/1986,9,16,11,9,11,6,,9;14,,,,,3,1,1,8,0,0,0,41,30,57,5,0,0,0,0,0,0,0,0,0,3.1416666667
Okawa,Katsunan,F,,,Japan,2/2/1962,16,18,0,17,14,1,,11;14,,,,,5,0,3,7,0,0,0,53,42,58,3,0,0,0,0,0,0,0,0,0,1.3791666667
Lacey,Alford,F,,,Australia,9/9/1961,17,1,10,0,10,16,,2;21,,,,,5,1,2,3,0,0,1,78,78,56,4,0,0,0,0,0,0,0,0,0,2.825
Pavlo,Mishchenko,M,,,Ukraine,18/10/1961,11,6,8,13,15,10,,12;15,,,,,3,0,8,0,0,0,0,21,62,57,2,0,0,0,0,0,0,0,0,0,2.7541666667
Connor,Cleveland,M,,,UK,26/8/1989,10,3,6,0,14,3,,11;18,,,,,5,2,4,3,0,0,1,75,76,54,3,0,0,0,0,0,0,0,0,0,2.6583333333
Georgette,Pierlot,F,,,France,26/10/1972,18,19,0,12,15,11,,2;21,,,,,4,5,0,9,1,0,4,65,52,56,2,0,0,0,0,0,0,0,0,0,2.725
Karaulova,Ruslanovich,F,,,RussianFederation,5/4/1975,4,8,7,14,12,19,,12;19,,,,,4,0,4,3,0,0,6,59,60,53,3,0,0,0,0,0,0,0,0,0,4.2833333333
Kayla,Foster,F,,,UK,11/2/1983,12,13,19,11,20,13,,7;19,,,,,3,4,9,9,1,0,2,42,38,58,1,0,0,0,0,0,0,0,0,0,3.2541666667
Yasmin,Vieira,F,,,Brazil,19/7/1972,19,16,19,9,13,3,,2;15,,,,,4,3,10,9,0,0,1,77,26,56,1,0,0,0,0,0,0,0,0,0,3.3416666667
Luís,Salgado,M,,,Portugal,27/11/1986,8,18,19,0,6,18,,2;15,,,,,5,4,11,9,0,0,0,78,28,50,3,0,0,0,0,0,0,0,0,0,2.225
Qiu,Jianhong,F,,,China,14/12/1974,4,5,10,5,8,9,,13;15,,,,,3,1,7,9,0,0,0,18,39,58,1,0,0,0,0,0,0,0,0,0,3.3625
Gu,Feng,F,,,China,1/8/1986,2,11,8,16,5,17,,13;16,,,,,5,1,11,6,0,0,9,39,34,58,5,0,0,0,0,0,0,0,0,0,2.2625
Bruce,Goodwin,M,,,NewZealand,17/10/1988,16,8,13,16,4,10,,9;18,,,,,4,3,5,6,0,0,4,61,53,51,1,0,0,0,0,0,0,0,0,0,2.6833333333
Anna,Walsh,F,,,Australia,7/7/1969,10,19,11,18,8,16,,9;20,,,,,5,1,4,9,0,0,0,90,74,50,3,0,0,0,0,0,0,0,0,0,2.4208333333
Stanley,Bennett,M,,,UnitedStates,1/3/1990,1,13,11,11,14,5,,9;20,,,,,4,1,3,1,2,0,7,18,20,50,1,0,0,0,0,0,0,0,0,0,1.9916666667
Peter,Sutton,M,,,UnitedStates,14/6/1979,15,6,18,20,14,12,,1;16,,,,,4,4,5,9,0,0,4,81,29,58,1,0,0,0,0,0,0,0,0,0,2.4166666667
Theo,Mitchell,M,,,UnitedStates,6/7/1974,18,1,19,12,8,10,,7;21,,,,,4,5,6,9,1,0,10,33,61,56,5,0,0,0,0,0,0,0,0,0,1.6541666667
Sophie,Gallagher,F,,,UK,9/11/1983,0,3,1,12,6,2,,3;19,,,,,4,5,4,9,0,0,0,88,69,54,5,0,0,0,0,0,0,0,0,0,3.0541666667
Emmy,Göbel,F,,,Germany,6/7/1976,17,17,10,19,11,10,,9;19,,,,,5,0,3,8,1,0,0,70,70,54,1,0,0,0,0,0,0,0,0,0,2.9958333333
Benjamim,Simões,M,,,Portugal,7/6/1985,14,12,9,9,2,13,,8;18,,,,,2,2,11,9,0,0,0,44,76,52,5,0,0,0,0,0,0,0,0,0,3.6125
Iris,Gauthier,F,,,France,22/1/1980,8,18,15,15,7,4,,9;14,,,,,3,3,4,9,0,0,0,79,69,55,4,0,0,0,0,0,0,0,0,0,3.0416666667
Subotina,Svyatoslavovich,F,,,RussianFederation,3/11/1968,18,12,0,17,17,13,,11;16,,,,,2,0,2,1,0,0,0,72,80,53,1,0,0,0,0,0,0,0,0,0,1.9791666667
Marharyta,Stetsenko,F,,,Ukraine,26/11/1978,10,13,2,7,11,7,,13;19,,,,,4,1,1,2,0,0,8,38,40,51,2,0,0,0,0,0,0,0,0,0,1.8
Holtjes,Meijlink,F,,,Netherlands,20/1/1979,10,8,8,4,9,2,,2;14,,,,,3,4,0,9,0,0,5,51,33,58,2,0,0,0,0,0,0,0,0,0,3.1916666667
Bryan,Cannon,M,,,UnitedStates,30/8/1986,12,17,6,10,3,17,,4;20,,,,,3,5,11,9,0,0,8,80,30,56,4,0,0,0,0,0,0,0,0,0,3.3166666667
Adam,Foster,M,,,UK,6/9/1972,2,5,8,1,15,18,,4;15,,,,,3,1,6,0,0,0,0,44,67,51,2,0,0,0,0,0,0,0,0,0,4.1083333333
Subotina,Ruslakova,F,,,RussianFederation,25/5/1983,14,14,0,16,12,17,,2;18,,,,,2,0,3,4,0,0,0,75,35,53,5,0,0,0,0,0,0,0,0,0,2.4083333333
Elliot,West,M,,,Australia,20/11/1971,11,2,2,9,6,1,,1;21,,,,,2,0,3,5,0,0,3,30,80,55,3,0,0,0,0,0,0,0,0,0,4.0791666667
Krystupasr,Liakou,M,,,Greece,1/4/1982,15,1,12,8,9,20,,11;19,,,,,3,3,9,6,0,0,8,69,71,58,4,0,0,0,0,0,0,0,0,0,1.5708333333
Sofía,Nora,F,,,Mexico,4/5/1964,13,0,16,15,18,12,,13;16,,,,,2,1,0,6,0,0,2,70,58,51,4,0,0,0,0,0,0,0,0,0,4.05
Laurens,Bijlsma,M,,,Netherlands,11/11/1990,13,3,17,18,5,18,,2;17,,,,,4,0,3,7,1,0,0,34,41,55,4,0,0,0,0,0,0,0,0,0,1.8333333333
Fermin,Pedra,M,,,Argentina,7/9/1970,5,8,11,2,13,9,,4;14,,,,,3,2,9,9,0,0,0,22,35,54,3,0,0,0,0,0,0,0,0,0,3.1291666667
Megan,Hudson,F,,,UK,1/12/1975,8,6,2,8,16,18,,11;20,,,,,5,0,5,2,0,0,7,15,37,52,2,0,0,0,0,0,0,0,0,0,2.4583333333
Sa,Jin-Ju,F,,,SouthKorea,27/11/1973,6,6,1,17,20,1,,2;14,,,,,4,1,5,8,0,0,0,29,57,60,3,0,0,0,0,0,0,0,0,0,3.2916666667
Iris,Bombelles,F,,,Canada,27/2/1968,14,19,17,17,16,16,,3;19,,,,,2,4,9,9,0,0,0,50,31,52,1,0,0,0,0,0,0,0,0,0,2.3291666667
Günther,Hertrich,M,,,Germany,1/5/1985,10,10,0,17,19,15,,2;14,,,,,2,1,3,2,0,0,5,79,49,53,3,0,0,0,0,0,0,0,0,0,2.2875
Abeau,Dufour,M,,,France,28/1/1963,4,12,6,12,16,12,,3;20,,,,,3,5,11,9,0,0,10,49,22,52,4,0,0,0,0,0,0,0,0,0,3.2125
Caroline,Bradshaw,F,,,UK,22/11/1964,11,5,14,7,1,8,,12;19,,,,,4,4,6,9,1,0,0,23,25,57,4,0,0,0,0,0,0,0,0,0,2.8041666667
Agostino,Cacciola,M,,,Italy,11/11/1966,3,12,17,6,13,16,,9;21,,,,,5,1,9,10,0,0,0,59,27,60,4,0,0,0,0,0,0,0,0,0,3.175
Floriano,Cicala,M,,,Italy,6/1/1965,8,11,0,3,6,9,,13;17,,,,,3,3,3,6,0,0,7,70,32,56,5,0,0,0,0,0,0,0,0,0,2.0791666667
Jenni,Junnila,F,,,Finland,19/8/1971,16,11,8,2,12,7,,2;15,,,,,4,0,5,2,2,0,1,39,48,51,5,0,0,0,0,0,0,0,0,0,2.1458333333
Estienne,Molard,M,,,France,7/2/1973,19,9,12,3,19,3,,2;21,,,,,3,4,5,9,1,0,5,16,44,55,1,0,0,0,0,0,0,0,0,0,1.9166666667
Marine,Carrel,F,,,France,1/7/1981,11,3,14,0,11,10,,7;21,,,,,5,3,2,7,0,0,0,34,42,50,1,0,0,0,0,0,0,0,0,0,2.8875
Emilio,Villacrés,M,,,Spain,13/2/1979,3,0,3,6,9,2,,4;21,,,,,3,2,0,2,1,0,0,21,64,53,1,0,0,0,0,0,0,0,0,0,2.2875
Asseri,Määttä,M,,,Finland,3/12/1989,9,2,12,9,1,4,,8;15,,,,,4,2,10,0,0,0,0,55,53,58,1,0,0,0,0,0,0,0,0,0,2.3583333333
Lindsey,Coffey,F,,,UK,6/3/1980,16,5,13,15,0,19,,9;16,,,,,3,1,7,5,0,0,0,34,22,56,5,0,0,0,0,0,0,0,0,0,2.9333333333
Ester,Lundgren,F,,,Sweden,4/7/1985,12,5,11,9,15,10,,9;19,,,,,5,2,2,6,0,0,0,48,42,51,4,0,0,0,0,0,0,0,0,0,3.4416666667
Door,Stadlander,F,,,Netherlands,25/6/1961,2,3,4,5,0,18,,13;18,,,,,5,3,1,9,0,0,0,66,62,55,2,0,0,0,0,0,0,0,0,0,2.2791666667
Johan,Geving,M,,,Norway,6/5/1972,3,19,7,5,15,9,,9;19,,,,,4,0,11,7,0,0,0,16,22,51,1,0,0,0,0,0,0,0,0,0,2.55
David,Green,M,,,UK,21/1/1981,7,5,5,16,0,13,,12;19,,,,,4,4,1,9,0,0,7,46,77,57,1,0,0,0,0,0,0,0,0,0,1.9833333333
Maya,Moya,F,,,Spain,2/11/1986,7,9,19,14,1,17,,13;16,,,,,4,2,10,8,0,0,0,77,65,58,4,0,0,0,0,0,0,0,0,0,2.3291666667
Charles,Wright,M,,,UK,30/4/1978,12,4,7,17,3,14,,3;14,,,,,2,1,8,0,0,0,0,79,65,56,3,0,0,0,0,0,0,0,0,0,2.5
Moira,Crudo,F,,,Italy,18/9/1971,14,4,9,6,1,4,,3;15,,,,,4,1,6,5,0,0,3,44,64,52,2,0,0,0,0,0,0,0,0,0,1.6041666667
Wendy,Bates,F,,,UK,21/10/1986,18,15,15,14,13,8,,3;14,,,,,3,3,2,7,0,0,1,37,34,52,5,0,0,0,0,0,0,0,0,0,2.825
Frank,Crusenstolpe,M,,,Sweden,10/5/1986,10,13,0,0,18,18,,4;17,,,,,5,0,11,0,0,0,0,43,21,55,4,0,0,0,0,0,0,0,0,0,3.7208333333
Matsumura,Tansho,M,,,Japan,30/1/1964,18,15,6,7,17,0,,12;17,,,,,5,0,4,6,2,0,0,27,45,59,4,0,0,0,0,0,0,0,0,0,1.8583333333
Isabella,Heidrich,F,,,Austria,2/2/1981,13,14,13,6,19,14,,3;16,,,,,2,1,10,6,0,0,0,70,59,50,4,0,0,0,0,0,0,0,0,0,2.1916666667
Ernesto,Encarnación,M,,,Spain,10/12/1976,10,12,11,20,1,18,,12;14,,,,,5,1,4,4,0,0,9,73,61,56,3,0,0,0,0,0,0,0,0,0,2.4958333333
Marcus,Dudley,M,2,2,UK,20/10/1985,18.5,18.5,18,17.5,18.5,19.5,0.85,13;21,40,8,2016,2019,2,1,3,5,0,0,3,19,45,54,2,168,8,28,15,27,15,0,921,0,3.708333333
Gaetan,Jego,M,4,1,France,17/05/1980,15.5,14,13.5,12.5,17.5,16.5,2,8;21,50,12,2016,2019,1,0,3,2,0,0,5,4,56,51,2,214,11,39,16,31,16,0,970,0,4.25
Ben,Michell,M,7,1,UK,20/08/1980,19,18,18.8,15.5,18.5,18.5,2,10;15,35,10,2016,2019,1,0,10,6,0,0,1,50,25,45,5,79,0,0,1,9,4,0,238,0,4.25
Chris,Cronin,M,7,2,UK,04/07/1982,18.5,16.5,17.5,18.5,14.5,18.5,1.17,11;18,45,9,2016,2019,3,0,2,7,3,1,3,10,5,50,5,79,0,4,0,12,3,0,189,0,4.041666667
Alex,Chan,M,10,1,China,12/06/1985,15.5,15,16,14,16,17.5,0.48,19;4,25,8,2016,2018,4,1,5,6,0,1,0,23,54,62,4,18,0,0,0,6,3,0,4,0,2.916666667
